1535
605
555
485
470
420
485
460
510
470
395
380
375
440
395
385
510
435
410
375
390
420
400
400
405
385
460
405
405
395
410
400
405
400
405
400
405
405
460
405
405
405
405
410
405
405
405
400
405
405
405
405
405
460
405
390
400
405
375
410
410
380
405
405
405
490
375
375
380
365
370
375
435
370
370
375
370
455
370
385
380
375
440
450
370
375
370
370
365
375
370
370
370
370
375
370
370
375
375
380
370
370
375
375
365
370
370
365
375
375
370
375
370
370
370
365
370
370
370
370
370
370
370
370
370
375
385
365
370
370
365
365
375
365
370
365
370
365
370
375
375
370
370
370
370
370
370
370
370
375
370
365
375
370
370
370
370
370
365
365
365
365
380
370
370
365
365
365
365
370
365
365
370
370
375
365
370
370
370
375
375
370
370
370
365
375
370
370
365
370
370
370
365
375
375
370
365
365
370
375
375
370
365
370
375
375
370
365
370
365
370
375
375
370
370
375
370
370
370
365
370
365
370
365
370
370
370
365
375
365
370
370
375
375
370
370
365
375
370
365
375
370
370
370
365
375
365
370
370
470
575
495
420
430
440
430
965
385
375
370
375
370
370
400
435
370
370
445
370
385
375
375
425
375
380
375
380
435
380
370
370
375
370
365
370
370
375
370
370
370
370
375
370
370
370
365
370
375
370
365
370
370
375
375
375
370
375
365
365
370
365
375
365
365
370
375
370
365
370
370
370
370
375
370
375
375
375
370
365
375
370
375
370
375
370
370
370
375
755
375
370
375
375
370
370
375
375
370
375
365
365
370
365
370
370
365
380
370
380
375
370
375
375
370
370
370
375
365
370
375
375
370
375
370
370
375
365
375
375
370
370
365
370
375
365
370
375
370
370
365
370
370
375
370
375
365
370
370
370
375
370
385
370
375
440
375
375
400
370
440
545
420
365
420
370
355
355
355
365
365
365
355
425
355
360
365
355
360
365
360
360
360
360
355
425
360
360
360
375
360
360
365
365
365
355
365
365
360
360
360
360
360
360
355
360
360
355
360
370
355
500
450
415
390
355
360
495
395
355
390
355
530
355
390
360
355
445
360
360
430
365
360
435
395
405
395
355
360
460
360
355
1230
400
350
430
390
360
415
355
355
355
355
360
520
355
350
470
355
360
465
360
355
435
460
360
360
410
355
355
355
420
360
360
450
440
355
365
360
360
365
355
485
360
455
430
955
355
355
380
360
360
435
375
360
360
390
490
475
520
450
390
355
355
355
355
360
355
355
485
465
460
510
450
485
460
445
480
465
470
355
475
1325
420
470
475
460
475
455
515
385
425
475
380
430
495
435
465
415
345
345
340
350
350
345
345
345
345
345
345
340
345
345
345
345
340
345
340
345
345
340
340
345
345
345
340
345
345
345
345
345
345
345
345
345
340
345
345
345
345
345
340
345
350
345
345
345
345
345
345
345
345
345
340
340
345
345
340
340
345
340
345
345
350
345
340
345
415
345
345
345
345
345
345
345
345
345
345
345
345
345
345
345
345
345
345
345
350
345
345
345
345
345
345
345
345
345
345
350
480
440
405
410
425
430
400
435
435
410
415
425
410
395
425
405
420
430
415
435
440
420
430
425
435
430
445
430
405
345
345
345
345
380
345
505
345
345
345
345
345
340
345
345
345
345
340
345
345
340
345
345
345
345
345
345
345
345
345
345
340
345
345
345
345
345
345
345
340
345
345
345
345
345
345
340
345
345
345
340
345
340
340
340
345
345
340
345
340
345
345
345
340
340
340
345
345
340
340
345
345
345
345
345
345
345
340
345
345
345
345
345
340
340
345
345
340
340
465
350
345
345
345
340
345
340
345
340
345
345
345
340
345
345
340
345
345
345
345
345
345
340
345
345
345
345
345
345
345
345
345
340
340
345
345
345
340
345
345
345
340
345
345
345
345
345
345
340
345
345
340
345
340
340
345
345
345
345
345
345
340
425
355
380
405
410
345
360
345
345
420
360
345
350
355
400
345
360
340
345
425
345
340
350
350
355
440
345
345
400
350
345
345
340
400
345
340
345
345
410
345
345
350
525
405
340
340
500
345
350
400
350
400
345
350
345
345
405
345
345
345
345
405
400
345
345
350
345
400
345
350
350
415
395
365
340
340
345
345
345
345
345
345
345
345
345
340
345
340
345
340
340
345
345
345
345
340
345
345
345
345
340
345
340
340
340
340
345
345
355
350
345
345
345
350
345
345
340
345
370
340
345
345
345
345
345
345
345
345
345
345
340
345
345
345
345
340
345
345
345
340
345
340
340
345
345
345
340
345
345
345
345
345
345
345
345
345
380
345
345
345
345
345
345
345
345
345
345
345
345
345
345
345
345
345
345
345
345
345
345
345
345
345
345
345
345
345
345
345
345
345
345
345
345
345
345
345
345
345
345
345
350
345
345
345
345
345
345
355
345
345
350
345
350
345
345
345
345
345
350
355
345
350
345
345
345
345
345
345
345
350
345
345
345
345
350
345
345
350
345
350
345
350
345
345
350
345
350
350
350
355
350
350
355
345
355
345
345
345
350
350
345
350
345
345
345
345
345
355
350
345
345
345
345
350
345
345
350
345
345
350
345
345
345
350
345
350
345
345
345
345
345
345
345
345
345
345
345
345
345
345
345
345
345
345
345
345
345
345
345
345
345
345
345
345
345
425
350
340
400
345
350
345
345
415
350
350
345
345
415
345
345
350
345
400
345
340
340
345
410
345
350
350
345
430
350
350
345
345
410
355
345
345
345
405
345
340
345
345
405
345
340
350
350
430
350
345
345
345
420
355
345
350
350
410
355
1150
435
385
355
345
345
340
345
440
380
350
345
410
345
350
350
345
405
350
340
350
345
395
345
345
360
455
400
405
350
345
350
345
395
345
350
410
345
395
370
350
345
375
405
350
400
345
345
360
350
400
355
345
345
355
405
345
365
350
350
400
350
345
350
345
345
345
340
345
350
340
345
345
345
345
345
345
345
345
350
345
345
345
345
345
340
340
345
355
345
405
350
345
345
350
405
350
355
350
410
350
355
350
430
475
345
345
345
345
400
345
410
345
345
345
345
350
345
345
345
345
345
345
345
345
345
525
340
345
345
345
420
415
440
345
345
345
345
345
350
345
340
345
345
345
345
345
345
350
345
345
345
345
345
345
345
345
345
345
355
350
345
345
340
345
345
345
340
345
345
345
345
340
345
345
345
345
340
345
345
345
340
340
345
340
340
345
345
345
345
345
345
345
345
345
345
345
345
345
345
345
345
340
340
345
340
340
345
345
345
345
345
345
345
345
345
345
345
340
345
345
345
345
345
340
345
340
345
345
345
340
345
345
340
345
340
345
345
345
345
345
345
345
340
345
350
345
345
345
345
345
345
345
345
345
345
345
345
340
345
345
345
345
345
345
340
340
345
345
345
345
340
340
345
345
340
345
345
340
345
340
340
345
345
345
345
345
345
350
340
345
345
345
340
345
345
340
345
345
345
345
345
345
340
345
345
345
345
345
345
350
345
345
340
345
340
345
340
345
345
345
345
345
345
345
345
350
345
340
345
345
345
345
345
345
345
345
345
345
345
345
345
340
345
340
340
345
340
345
345
345
345
345
340
345
345
350
385
345
345
345
345
345
345
345
345
345
345
345
345
345
340
345
340
345
340
345
345
345
345
340
345
345
340
345
345
345
345
345
345
345
345
345
345
340
345
345
340
345
345
345
345
345
345
345
345
345
345
345
345
345
345
345
345
345
345
345
345
345
345
345
340
345
345
350
340
340
345
345
345
345
345
345
345
345
345
345
340
345
345
340
345
345
345
345
345
345
345
345
345
345
345
345
340
345
345
345
345
345
345
340
345
345
345
340
345
345
345
345
345
345
345
345
345
345
345
340
340
345
345
340
340
345
345
345
345
345
340
345
345
345
345
345
345
345
345
350
345
345
345
345
345
345
345
345
350
345
345
340
340
345
345
345
345
340
345
345
345
345
345
340
345
345
640
345
345
345
350
340
345
340
350
345
345
345
345
345
345
340
345
345
350
345
345
345
405
380
385
425
410
405
355
345
350
345
400
350
345
345
400
345
345
350
585
405
340
350
345
410
350
345
345
345
410
430
340
405
345
340
345
340
345
345
345
345
345
345
345
345
345
345
340
345
350
345
345
345
345
345
340
345
345
340
345
345
345
345
345
345
345
345
345
345
345
345
340
340
345
345
345
345
345
345
345
345
340
340
345
345
345
345
345
345
340
345
345
340
345
350
345
345
345
345
345
345
345
345
345
345
340
345
345
345
345
545
340
345
345
340
415
345
345
350
345
400
345
345
340
345
405
345
720
380
345
340
345
350
405
345
345
350
350
415
355
345
350
345
400
345
350
345
350
420
345
350
355
345
410
350
350
375
350
420
350
350
345
345
420
345
360
350
345
415
345
540
345
350
395
345
350
350
350
405
340
345
350
410
405
350
350
355
410
345
345
350
340
405
355
350
355
350
430
355
345
355
350
400
360
345
350
405
835
415
370
440
405
535
360
370
365
365
370
360
375
370
370
365
365
370
370
370
375
365
440
375
380
365
380
375
370
370
375
365
460
460
435
365
425
370
435
370
365
365
365
370
365
365
360
370
365
370
425
375
370
365
420
375
365
365
370
425
370
365
365
370
375
365
375
445
365
370
370
375
370
360
375
365
365
375
370
365
370
365
370
380
370
370
370
375
370
375
380
370
365
360
365
355
365
365
360
360
365
365
360
360
365
360
360
360
355
365
355
365
360
355
360
365
365
355
365
360
360
365
355
360
365
360
355
355
365
355
365
365
355
360
365
355
360
365
355
360
365
365
360
360
360
360
365
355
360
355
360
365
360
360
350
360
365
360
360
355
365
365
360
355
360
360
390
355
360
365
365
365
360
355
365
360
360
565
425
355
360
360
360
425
355
355
370
365
435
360
365
355
365
420
360
365
360
365
410
360
360
360
355
365
430
360
365
370
370
455
360
370
975
555
420
375
400
425
390
375
390
390
390
390
375
390
375
475
390
390
390
455
375
390
380
390
390
390
395
395
380
395
390
390
390
390
390
390
445
400
390
390
390
390
395
450
450
390
380
380
375
390
425
410
375
455
375
380
390
390
450
405
520
390
390
390
390
400
390
470
395
395
400
400
395
390
450
445
370
370
390
390
390
390
390
390
375
375
390
390
375
375
390
375
375
375
390
390
375
390
370
390
390
390
390
390
390
390
390
390
390
390
390
450
390
395
375
390
450
390
390
370
390
465
390
390
380
395
445
390
405
390
385
480
400
395
390
395
380
395
390
390
450
390
390
390
390
460
375
390
375
385
395
385
435
385
390
390
395
460
385
390
395
385
460
390
375
375
400
380
395
395
455
385
390
395
390
455
400
375
395
395
450
385
390
395
385
395
395
450
390
400
390
390
385
390
390
395
375
375
445
375
395
380
395
390
400
465
395
390
390
395
390
375
450
400
390
370
385
445
390
1075
395
390
375
390
390
375
390
375
390
400
390
375
390
450
375
395
390
375
475
395
390
375
375
465
400
390
390
445
455
395
375
400
390
380
390
390
395
400
390
375
390
395
395
395
395
455
395
395
395
390
375
395
390
395
375
390
395
390
390
450
400
375
375
385
390
390
390
420
390
395
375
390
385
395
390
390
385
445
390
385
395
390
395
375
390
400
385
395
390
385
375
380
380
390
390
390
395
395
390
390
375
395
395
470
390
370
390
480
475
395
370
380
390
390
390
375
375
390
390
395
385
375
450
375
390
375
390
375
395
390
375
480
375
370
395
390
375
390
395
395
375
395
375
390
395
375
375
390
390
390
390
390
395
390
380
390
390
375
395
395
390
395
390
375
390
370
390
390
483
490
490
483
588
644
581
623
595
546
658
665
637
539
483
483
483
476
483
483
483
483
476
483
476
483
483
483
483
483
483
483
483
483
476
476
483
483
483
483
483
476
483
483
483
651
483
483
483
476
483
476
476
483
483
476
609
476
483
483
483
476
483
476
483
483
483
483
483
483
483
483
483
483
483
483
483
483
483
483
483
476
483
483
476
483
476
483
483
483
483
476
483
483
476
476
483
476
483
483
483
476
476
483
476
476
483
483
476
483
476
483
483
476
483
476
746
603
595
603
606
595
603
603
603
603
595
603
595
595
595
595
595
603
606
606
603
603
606
606
606
603
603
603
606
603
606
603
603
595
595
603
603
606
603
606
603
603
603
603
595
603
603
595
595
606
603
603
603
603
595
606
603
606
603
603
603
603
606
603
603
606
606
603
614
595
603
603
606
603
606
606
603
603
595
606
603
603
603
603
595
603
595
603
603
603
606
603
603
603
603
848
603
606
603
603
603
603
606
603
603
603
603
606
603
606
603
603
603
603
603
603
603
606
603
603
603
603
603
606
603
603
606
606
614
603
603
603
603
603
606
603
606
603
603
681
684
794
673
603
603
595
603
603
603
614
603
603
614
603
614
614
735
614
603
622
614
614
603
606
603
614
603
603
603
657
630
611
614
603
603
603
614
614
603
603
606
603
606
595
603
606
603
606
630
606
603
606
603
603
603
595
603
603
614
611
603
606
603
603
611
606
603
603
614
603
606
606
595
611
614
614
603
603
603
603
611
611
619
606
603
614
603
606
611
614
614
603
603
603
614
603
595
606
603
603
614
606
614
614
606
606
595
611
595
603
606
614
603
603
603
603
603
611
606
611
603
606
595
622
603
603
611
603
606
603
606
603
603
797
614
614
603
614
603
603
622
603
611
603
614
603
606
606
611
603
603
611
606
614
611
603
603
603
614
603
611
606
603
603
595
603
603
611
614
603
603
614
606
684
657
603
603
603
606
595
603
614
603
603
611
614
603
606
614
606
606
611
603
595
606
603
611
603
606
603
603
603
603
603
638
754
603
595
603
595
603
603
595
595
606
603
603
603
595
603
603
606
603
603
1450
880
690
690
680
690
680
680
690
690
690
690
690
690
690
690
690
690
690
690
690
690
690
690
690
690
690
680
690
690
690
690
690
690
690
690
690
690
690
690
690
690
690
690
1090
800
870
880
700
690
680
690
680
680
690
690
690
690
690
680
700
680
690
690
690
690
690
690
690
690
830
850
1940
690
680
680
690
690
690
700
680
680
690
690
680
690
690
690
690
690
690
690
690
680
690
690
690
690
690
690
680
680
690
690
690
690
690
690
690
690
690
690
690
680
690
680
690
690
690
690
690
690
680
690
680
680
680
690
680
690
700
700
690
690
700
690
690
690
690
680
680
680
690
700
680
700
690
680
690
690
690
690
690
680
690
680
680
680
690
690
690
680
680
680
690
690
690
690
680
680
690
690
690
690
700
690
690
690
690
690
690
690
690
700
690
690
690
690
690
700
680
690
680
680
680
680
690
690
690
680
690
680
680
690
680
690
690
690
690
690
680
690
690
680
680
690
680
690
680
680
690
690
690
680
690
690
680
690
680
680
690
690
690
690
680
690
1000
700
690
690
690
690
690
690
680
690
690
690
690
680
690
690
690
680
680
690
690
690
690
690
690
690
690
690
690
680
680
690
690
690
680
690
680
680
680
690
690
690
680
690
680
690
680
690
690
690
690
680
690
680
690
690
680
690
690
690
690
690
680
680
690
690
910
690
690
690
690
690
690
690
690
690
690
690
690
690
680
680
690
690
690
680
690
690
690
690
690
690
690
690
690
690
690
690
680
690
690
690
690
690
690
680
680
690
690
690
680
690
690
690
680
690
690
690
690
690
690
680
690
680
690
690
690
680
690
690
690
680
690
690
680
690
700
690
680
690
690
690
690
690
690
690
690
690
680
690
690
690
690
690
690
690
690
680
690
690
690
680
680
690
690
690
680
690
680
680
690
680
690
690
690
680
680
840
710
690
690
690
690
690
690
680
690
680
680
680
690
690
690
690
690
690
690
690
690
690
710
700
690
700
690
690
690
690
690
690
700
690
700
690
680
890
970
1000
770
820
900
920
950
930
870
960
860
950
950
920
920
860
870
930
880
920
1080
980
930
910
930
910
1000
880
860
840
920
880
930
910
890
990
910
860
970
910
870
890
960
1170
1010
950
960
960
920
980
910
960
960
930
970
970
960
1494
1225
1179
1050
1109
1179
1214
1098
1295
1120
1050
1096
1109
1074
1063
1037
1155
1107
1061
1096
1142
1085
1096
1120
1155
1144
1004
1039
1133
1142
1074
1085
1028
1015
993
1085
1074
1109
1074
1015
980
1039
1098
1074
1039
1050
1120
1120
1109
1026
1201
1109
1098
1072
1131
1214
1015
1155
1028
1085
1074
1142
1050
1063
1109
1063
1131
1074
991
1061
1037
1155
1236
1096
1037
1107
1142
1063
1015
1004
1085
1085
1107
1131
1085
1004
1074
1050
1061
1096
1098
1039
1072
1085
1026
1004
1015
1039
1028
1260
1155
1098
1166
1061
1107
1133
1109
1063
1039
1061
1107
1120
1144
1002
1015
1155
1107
1096
1107
1155
1109
1120
1120
1098
1142
1039
1015
1131
1168
1120
1109
1063
1072
1085
1050
1050
1249
1096
1096
1039
1133
1026
1039
980
1037
1061
1015
1098
1050
1074
1037
1026
1166
1225
1063
1028
1131
1085
1015
1074
1063
1004
1039
1037
1026
1131
1131
1212
1109
1061
993
1015
1050
1002
991
1085
1037
1063
1002
1015
1026
980
1002
1039
1096
1074
1004
1015
1004
1026
1096
1063
1074
1037
1131
1155
1168
991
1085
1085
1026
1120
1109
1107
1050
1050
1085
1131
1074
1085
1096
1155
1144
1236
1341
1085
1107
1107
1072
1155
1085
1109
1109
1120
1120
1109
1096
1144
1120
1096
1096
1155
1074
1109
1120
1155
1109
1096
1142
1074
1098
1072
1063
1085
1085
1072
1085
1120
1131
1085
1098
1074
1133
1074
1096
1096
1063
1144
1107
1074
1096
1107
1061
1026
1063
991
1039
1004
991
1039
1096
1015
1015
1085
1096
1085
1155
1096
1109
1168
1109
1061
1085
1015
1155
1096
1155
1096
1063
1120
1096
1168
1109
1098
1026
1085
1074
1039
1096
1120
1131
1155
1028
1131
1109
1109
1120
1155
1225
1039
1142
1072
1061
1260
1004
1037
1109
980
1085
1074
1004
1085
1120
1002
1109
1037
1107
1155
1085
1015
1085
1074
980
886
805
818
805
816
1015
805
792
805
805
816
805
805
794
818
805
805
805
794
816
818
805
805
818
794
816
805
805
805
805
910
829
805
805
794
805
805
805
805
805
805
805
805
794
794
805
805
805
805
805
794
805
805
805
1621
1050
897
945
875
2124
818
794
818
794
829
816
910
923
792
805
805
794
805
805
805
805
805
805
805
792
805
805
794
805
816
805
794
805
805
805
805
805
792
792
805
805
805
805
794
805
805
805
805
805
805
805
805
805
969
805
805
792
958
805
794
805
805
805
805
805
805
805
805
805
805
805
805
805
805
805
805
805
805
805
805
805
805
816
805
816
805
805
805
805
805
805
805
805
805
805
805
805
805
805
805
805
805
805
805
805
805
805
816
805
805
805
805
816
805
805
805
818
805
805
805
805
805
805
805
805
897
816
794
805
792
805
792
794
805
816
805
805
805
794
805
805
805
805
805
794
792
805
805
805
805
805
792
794
805
805
794
805
805
805
794
794
805
805
792
805
805
792
805
805
794
794
805
794
805
794
794
794
805
794
794
805
794
805
794
805
805
805
794
794
805
792
805
805
805
805
805
805
805
792
805
805
792
792
805
805
805
805
805
805
792
805
805
794
794
805
805
805
805
805
956
792
805
792
805
805
805
805
816
805
805
805
805
805
794
805
805
805
818
805
805
805
816
805
805
805
805
805
805
805
805
805
805
792
816
805
818
805
805
805
816
805
805
805
805
816
805
816
827
792
827
805
805
816
805
794
805
805
805
805
805
816
805
805
805
805
805
805
805
805
805
805
805
805
805
805
794
805
805
805
805
805
818
805
818
805
818
805
805
805
805
805
805
805
805
805
805
805
805
805
805
805
818
805
805
805
805
805
805
805
805
805
805
805
805
805
794
805
816
805
805
805
1098
805
805
805
818
805
805
805
805
805
805
805
805
794
792
805
816
805
805
805
818
910
875
805
805
805
875
805
805
805
794
816
805
805
805
816
792
805
818
818
805
829
794
1284
1096
805
805
816
805
1246
1134
994
980
980
980
966
980
994
966
966
966
966
980
980
966
980
966
966
966
966
966
952
980
980
966
980
980
980
966
980
1274
966
980
966
966
980
966
980
966
966
966
952
966
980
966
980
966
966
966
966
966
966
966
1190
966
966
966
966
1008
966
966
980
966
966
966
980
966
966
966
966
966
994
980
980
1190
980
966
966
966
966
966
966
966
966
966
966
966
966
966
966
966
966
966
966
966
966
966
966
966
966
966
966
966
966
966
966
966
966
966
966
966
966
966
966
966
966
966
966
966
966
966
966
966
966
966
966
966
966
966
966
966
966
966
966
1120
966
966
966
966
966
966
966
966
966
966
966
966
980
966
966
966
966
966
966
966
966
966
966
966
966
966
966
966
966
966
966
966
966
966
966
966
966
966
994
1162
966
980
966
980
980
980
966
980
966
1120
1190
966
966
980
966
966
994
966
980
966
980
966
966
966
980
980
966
1008
952
966
966
966
980
966
966
966
966
952
966
966
980
966
966
966
980
966
980
980
966
966
966
952
980
980
966
952
980
980
980
966
966
966
952
966
966
980
952
966
966
952
952
966
966
980
980
966
980
966
966
966
966
980
980
966
980
952
966
966
980
966
966
980
980
966
966
966
966
952
966
966
980
966
1050
966
966
966
952
966
966
966
966
966
966
966
966
966
994
966
966
952
980
966
966
980
980
966
980
980
980
952
980
966
980
966
966
980
980
966
980
966
980
1008
980
966
980
980
966
966
980
980
952
966
966
994
980
966
980
966
952
980
980
980
980
966
966
966
966
966
966
966
966
966
966
966
966
966
966
980
980
980
966
966
966
966
966
966
966
966
966
966
966
966
966
966
966
966
966
966
966
966
966
966
966
966
966
966
966
980
966
966
966
966
966
966
966
966
966
966
966
966
966
966
966
966
966
966
966
966
966
966
966
966
966
966
966
966
966
966
966
1162
966
966
966
966
966
966
966
966
966
966
966
966
966
966
966
966
966
966
966
966
966
966
966
966
966
966
966
966
966
966
966
966
966
966
966
966
966
966
966
966
966
966
966
966
966
966
966
966
966
966
966
966
952
966
966
966
966
966
952
966
966
966
966
966
966
966
966
966
966
966
966
966
966
966
966
966
966
966
966
966
966
966
966
966
966
966
966
966
980
966
966
966
966
966
966
966
966
966
966
966
966
966
966
1148
952
966
980
1050
966
966
980
980
980
1050
966
994
980
966
966
966
980
966
994
966
980
980
980
980
966
980
994
980
1176
1988
1736
980
952
980
952
2562
1498
966
966
966
966
966
966
980
994
952
966
952
966
966
966
1176
966
980
966
994
966
966
966
966
966
994
966
952
966
966
966
1022
1008
966
966
966
966
966
952
966
994
952
966
966
966
966
966
966
952
994
966
966
966
966
966
966
952
1008
966
966
966
966
966
966
952
966
966
966
966
966
952
966
980
952
966
966
980
1008
952
966
966
966
966
966
966
966
966
952
952
952
966
966
952
966
966
966
966
966
966
966
966
966
966
966
952
966
966
966
952
966
966
966
952
966
952
966
952
966
966
966
966
966
952
966
952
966
952
966
966
966
966
1190
952
952
966
966
966
966
966
952
966
966
966
966
966
966
966
994
952
952
952
966
952
966
966
1050
966
966
952
966
966
980
966
966
966
966
966
966
966
966
966
980
966
952
966
1050
966
952
980
966
966
966
966
966
966
966
980
966
966
966
966
966
952
980
980
980
966
966
966
966
966
966
980
966
952
952
966
966
966
952
966
966
966
966
966
966
966
966
966
966
980
952
966
966
966
966
966
966
966
966
1330
980
952
966
966
966
966
966
966
966
1316
980
966
966
966
966
1162
1162
1176
1176
1246
952
980
966
966
966
966
966
966
980
966
952
966
980
966
966
966
966
952
966
966
1162
966
966
966
1568
1092
952
952
966
966
966
966
966
966
952
952
952
980
966
966
966
966
966
966
966
966
966
966
966
966
966
952
966
966
966
966
966
952
952
980
952
980
966
980
966
952
966
966
966
966
966
966
966
966
980
966
966
966
966
966
966
952
966
966
966
966
966
966
966
966
980
980
952
994
966
966
966
966
966
966
966
966
980
966
966
980
966
966
966
966
966
1064
966
966
966
966
966
966
966
966
966
966
966
966
966
966
966
980
966
952
966
966
980
952
952
966
966
952
952
966
980
980
966
966
966
966
1134
1204
966
966
966
966
966
966
966
952
966
966
966
980
966
966
966
980
966
1330
980
966
980
966
1050
980
966
966
966
952
952
952
966
980
980
980
980
966
966
966
980
966
994
966
966
966
966
966
966
980
966
966
980
1008
966
966
966
980
966
952
966
1148
1246
1064
1064
1400
3416
1190
1106
966
980
980
980
966
966
966
966
980
952
966
966
966
966
966
1050
966
966
966
952
966
966
966
966
966
966
966
966
980
966
966
966
966
966
966
952
980
966
966
966
966
966
966
966
966
952
966
1344
966
952
966
966
966
966
966
966
966
966
966
966
966
966
966
1288
980
966
994
980
966
966
966
966
966
966
966
980
966
966
980
980
966
966
966
966
980
966
966
966
952
966
966
952
966
966
966
966
966
966
966
966
952
966
966
966
966
966
966
966
966
966
966
966
966
966
966
994
966
966
966
966
952
966
952
966
966
966
966
966
966
966
952
966
966
966
952
966
966
966
966
966
966
966
966
966
966
966
966
966
966
966
952
966
966
966
966
966
966
952
966
952
966
966
966
952
966
966
966
966
952
966
966
966
966
966
966
966
966
966
966
966
966
966
1162
994
966
966
952
952
966
952
966
980
980
966
966
966
966
966
966
966
966
952
966
966
966
1288
966
980
952
966
966
966
952
952
966
966
966
952
952
966
966
966
966
966
952
966
966
966
966
952
966
966
966
966
966
952
966
952
966
966
966
966
966
966
980
966
966
966
966
966
980
966
966
966
966
966
952
966
966
980
966
966
966
952
966
966
966
966
966
966
966
966
980
966
966
966
966
966
966
966
966
966
966
966
966
966
966
966
966
966
966
966
966
966
952
966
966
966
966
966
952
980
966
966
966
966
952
966
966
952
952
966
966
980
966
952
966
966
966
952
966
966
966
966
952
966
966
966
966
966
966
966
952
966
952
966
966
966
952
966
966
952
966
966
966
966
966
952
966
966
1232
966
966
966
952
966
966
966
966
966
966
980
966
966
966
980
1330
1512
1414
1162
1274
1316
1204
1232
1232
1204
1218
1218
1232
1204
1260
1218
1148
1190
1176
1232
980
952
966
966
966
966
966
980
966
952
966
966
966
966
966
980
966
966
980
980
966
966
966
980
980
980
966
980
980
966
966
966
966
952
966
966
966
966
980
966
980
966
952
966
966
980
966
966
980
952
2240
1260
1195
1090
1105
1075
1060
1075
1075
1075
1070
1355
1075
1070
1075
1060
1060
1070
1075
1070
1170
1060
1075
1075
1075
1070
1075
1075
1075
1075
1055
1155
1070
1075
1075
1075
1055
1075
1060
1070
1075
1075
1075
1060
1075
1370
1075
1070
1060
1075
1075
1070
1060
1090
1075
1075
1055
1070
1075
1070
1075
1075
1090
1075
1075
1070
1055
1075
1075
1060
1085
1055
1075
1075
1075
1090
1075
1090
1090
1075
1090
1085
1075
1075
1085
1075
1365
1075
1070
1075
1075
1070
1070
1075
1055
1075
1075
1075
1075
1075
1070
1075
1075
1075
1055
1090
1055
1070
1070
1075
1075
1070
1075
1075
1075
1075
1070
1070
1320
1090
1430
1260
1465
1075
1070
1075
1075
1055
1075
1070
1060
1075
1075
1090
1415
1075
1070
1070
1075
1070
1075
1075
1075
1070
1070
1070
1075
1075
1070
1075
1070
1070
1060
1070
1075
1075
1070
1075
1070
1075
1070
1075
1075
1075
1075
1075
1075
1090
1075
1090
1075
1060
1055
1075
1070
1075
1070
1075
1070
1075
1075
1070
1075
1075
1075
1075
1075
1075
1075
1070
1075
1075
1075
1075
1075
1075
1060
1075
1090
1075
1075
1075
1075
1060
1075
1060
1070
1075
1075
1070
1075
1075
1075
1070
1070
1090
1075
1075
1075
1075
1075
1070
1075
1070
1075
1070
1070
1075
1055
1075
1070
1075
1070
1070
1075
1075
1075
1070
1075
1070
1075
1060
1070
1060
1085
1075
1090
1075
1075
1075
1075
1075
1075
1070
1075
1075
1055
1075
1070
1075
1075
1070
1075
1055
1150
1060
1085
1070
1070
1075
1075
1075
1060
1075
1060
1075
1075
1070
1075
1075
1070
1075
1075
1070
1075
1070
1075
1055
1075
1075
1075
1085
1075
1075
1075
1075
1075
1075
1075
1075
1060
1060
1070
1070
1090
1075
1075
1090
1075
1075
1075
1070
1070
1070
1260
1445
1540
1260
1430
1415
1430
1385
1435
1540
1650
1460
1370
1460
1460
1475
1495
1460
1480
1495
1370
1460
1510
1450
1435
1355
1475
1415
1415
1430
1495
1495
1355
1490
1490
1490
1465
1890
1803
1593
1505
1680
1610
1330
1540
1505
1610
1540
1628
1575
1627
1540
1645
1470
1610
1557
1523
1488
1488
1488
1785
1522
1558
1505
1488
1662
1627
1523
1540
1470
1557
1610
1645
1558
1505
1540
1750
1750
1663
1470
1645
1557
1750
1557
2205
1592
1610
1593
1628
1680
1855
1873
1627
1698
1768
1680
1697
1663
1628
1645
1645
1610
1698
1645
1680
1785
1592
1645
1645
1767
1680
1592
1627
1610
1540
1785
1715
1628
1820
1662
1575
1680
1803
1768
1680
1662
1872
1890
1855
1680
1820
1645
1628
1645
1698
1645
1505
1610
1698
1802
1645
1733
1610
1767
1628
1680
1663
1663
2083
1645
1768
1645
1663
1592
1645
1715
1610
1698
1698
1610
1557
1610
1698
1488
1855
1890
1645
1645
1645
1645
1575
1750
1575
1768
1925
1855
1592
1628
1610
1697
1663
1610
1750
1575
1680
1505
1593
1662
1715
1663
1488
1522
1663
1663
1680
1680
1768
1557
1505
1715
1610
1715
1610
1785
1627
1663
1662
1645
1575
1733
1645
1558
1592
1662
1592
1505
1907
1575
1663
1575
1680
1592
1750
1452
1645
1592
1645
1627
1627
1750
1663
1627
1732
1662
1750
1540
1610
1698
1715
1557
1697
1697
1680
1540
1628
1663
1523
1680
1575
1557
1593
1575
1750
1540
1593
1645
1627
1733
1663
1767
1610
1820
1768
1750
1558
1802
1575
1488
1575
1645
1470
1505
1505
1522
1680
1610
1680
1663
1873
1698
1628
1610
1592
1470
1628
1645
1505
1488
1505
1505
1557
1662
1540
1523
1505
1540
1487
1540
1487
1522
1697
1698
1540
1645
1715
1592
1557
1575
1523
1557
1540
1645
1610
1645
1663
1698
1645
1627
1225
1225
1207
1207
1207
1207
1207
1190
1207
1190
1207
1190
1207
1207
1208
1207
1208
1207
1207
1208
1190
1225
1208
1208
1207
1208
1208
1190
1207
1190
1208
1208
1225
1207
1207
1207
1208
1208
1190
1207
1208
1680
3325
1435
1330
1435
1208
1208
1207
1225
1207
1225
1242
1208
1277
1190
1225
1225
1208
1225
1208
1242
1243
1208
1207
1225
1190
1207
1225
1243
1190
1277
1207
1225
1208
1260
1208
1225
1208
1190
1208
1208
1242
1208
1208
1208
1207
1208
1225
1225
1243
1208
1208
1208
1225
1225
1225
1207
1208
1207
1208
1225
1225
1225
1225
1208
1225
1225
1207
1207
1260
1208
1207
1225
1225
1190
1190
1225
1208
1207
1190
1225
1225
1208
1225
1207
1225
1207
1207
1208
1750
1680
1400
1610
1523
1523
1452
1522
1470
1225
1190
1208
1523
1190
1225
1225
1208
1207
1225
1225
1190
1225
1225
1207
1225
1190
1347
1207
1207
1207
1207
1208
1225
1225
1208
1225
1208
1225
1208
1242
1225
1225
1207
1225
1207
1225
1207
1208
1225
1207
1207
1207
1208
1207
1207
1208
1225
1208
1225
1225
1242
1208
1312
1225
1225
1207
1242
1225
1225
1225
1225
1242
1320
1055
1090
1090
1090
1075
1090
1090
1090
1075
1070
1090
1070
1075
1090
1060
1070
1075
1090
1090
1090
1090
1060
1085
1075
1085
1090
1075
1085
1070
1070
1085
1090
1090
1090
1075
1070
1085
1085
1195
1075
1075
1090
1070
1090
1090
1090
1090
1075
1105
1075
1075
1070
1105
1090
1070
1085
1932
1134
1008
1246
1176
1162
1050
966
966
952
1092
1232
980
966
952
966
966
966
966
966
966
966
952
966
966
952
952
952
966
966
966
966
966
966
966
966
952
966
966
966
966
952
952
966
966
966
966
966
966
952
966
952
966
952
966
966
952
952
1092
966
966
966
966
966
966
966
952
966
980
966
952
980
966
966
966
980
966
966
966
966
966
966
966
966
966
952
966
952
966
966
966
966
966
966
966
966
980
966
952
980
966
966
966
980
966
966
966
966
966
966
966
966
980
952
966
980
966
966
966
966
966
952
952
966
966
966
966
966
966
966
966
966
966
966
966
966
966
966
966
966
952
966
966
966
966
966
966
966
966
952
980
966
966
1022
966
952
952
952
966
966
980
966
966
966
980
966
980
966
966
966
952
952
966
966
966
966
966
952
966
966
952
966
966
952
952
952
966
966
966
966
966
952
966
952
966
952
1148
1190
1414
1218
1246
1148
1316
1218
1162
1134
1232
1120
966
952
966
980
966
966
966
980
966
966
966
966
980
966
966
966
952
966
952
1050
966
980
966
966
966
966
966
966
980
966
966
966
966
966
966
966
966
966
966
966
980
966
966
966
966
966
966
952
966
966
952
966
980
952
966
966
980
966
966
966
966
966
966
966
980
980
966
966
966
952
966
966
966
966
966
966
980
980
966
980
966
966
966
966
952
952
980
966
966
966
966
966
966
966
966
966
966
966
966
966
966
966
966
966
966
966
980
966
966
980
966
966
966
966
966
966
966
966
966
966
966
966
966
952
966
966
966
966
966
952
966
994
966
966
966
966
966
980
966
966
966
966
966
980
966
980
994
966
966
966
966
966
966
952
966
966
966
966
966
966
966
966
966
966
966
952
966
966
966
980
966
966
966
966
966
1890
1260
1242
1207
1208
1225
1207
1208
1208
1207
1208
1207
1207
1208
1207
1225
1225
1610
1242
1208
1207
1190
1207
1207
1208
1208
1208
1208
1208
1208
1225
1225
1207
1225
1208
1215
1075
1090
1070
1075
1290
1355
1335
1090
1075
1055
1085
1090
1100
1430
1075
1090
1075
1075
1055
1090
1075
1075
1075
1060
1075
1075
1070
1075
1060
1075
1075
1075
1075
1070
1070
1075
1105
1085
1075
1075
1075
1060
1055
1060
1070
1075
1075
1070
1070
1075
1075
1070
1075
1075
1070
1070
1075
1075
1060
1070
1210
1055
1060
1060
1070
1060
1070
1070
1070
1070
1075
1070
1075
1060
1075
1075
1055
1075
1070
1055
1165
1075
1060
1060
1075
1060
1075
1075
1075
1070
1070
1060
1055
1090
1055
1070
1070
1075
1075
1070
1070
1075
1075
1070
1070
1075
1090
1055
1225
1070
1070
1075
1055
1075
1075
1075
1070
1075
1260
1260
1075
1090
1105
1075
1070
1055
1090
1070
1070
1075
1075
1075
1090
1075
1055
1070
1070
1090
1070
1070
1075
1070
1075
1070
1090
1090
1075
1070
1060
1075
1070
1075
1070
1090
1055
1070
1075
1090
1070
1075
1090
1055
1075
1090
1070
1070
1090
1075
1075
1075
1070
1070
1075
1075
1070
1075
1070
1075
1075
1075
1075
1060
1075
1075
1070
1070
1075
1075
1090
1070
1090
1075
1090
1075
1400
1075
1070
1070
1060
1075
1075
1075
1075
1090
1090
1075
1075
1075
1075
1090
1070
1075
1055
1055
1075
1070
1075
1075
1055
1085
1075
1070
1070
1075
1075
1090
1075
1075
1075
1075
1075
1075
1070
1075
1075
1075
1070
1075
1075
1070
1075
1075
1075
1090
1060
1070
1085
1075
1245
1075
1075
1075
1075
1070
1075
1070
1075
1090
1075
1060
1075
1090
1070
1060
1075
1070
1075
1060
1075
1075
1075
1075
1070
1075
1070
1075
1055
1055
1070
1070
1075
1060
1075
1075
1075
1075
1060
1085
1075
1070
1075
1070
1075
1070
1075
1070
1075
1075
1075
1075
1070
1075
1070
1075
1075
1075
1075
1075
1055
1055
1070
1070
1075
1070
1060
1075
1060
1075
1070
1075
1075
1055
1060
1070
1060
1075
1075
1075
1055
1075
1070
1135
1075
1060
1075
1075
1075
1075
1075
1090
1075
1060
1075
1090
1075
1075
1075
1070
1075
1075
1090
1075
1055
1075
1075
1075
1075
1070
1070
1070
1075
1075
1070
1075
1075
1075
1055
1075
1090
1070
1075
1075
1070
1075
1075
1075
1075
1075
1070
1070
1075
1070
1070
1075
1075
1075
1055
1070
1075
1075
1070
1075
1055
1075
1075
1090
1070
1075
1060
1070
1075
1075
1075
1075
1075
1075
1075
1070
1075
1075
1090
1075
1075
1070
1075
1475
1400
1090
2210
1075
1075
1070
1070
1460
1085
1070
1075
1075
1075
1060
1075
1085
1090
1055
1090
1090
1105
1060
1085
1070
1075
1090
1090
1075
1075
1075
1090
1060
1075
1070
1090
1090
1090
1105
1075
1090
1085
1075
1105
1075
1085
1090
1075
1060
1075
1090
1075
1075
1090
1070
1105
1075
1075
1075
1105
1090
1060
1105
1090
1075
1245
1075
1075
1090
1105
1090
1075
1075
1070
1075
1090
1090
1075
1075
1105
1070
1090
1085
1090
1075
1075
1070
1060
1070
1070
1075
1085
1090
1055
1090
1090
1075
1090
2467
1208
1208
1225
1225
1225
1453
1207
1207
1207
1207
1208
1225
1207
1558
1260
1207
1207
1208
1207
1208
1208
1207
1208
1208
1225
1242
1208
1207
1208
1207
1207
1208
1225
1225
1243
1208
1225
1225
1225
1208
1225
1225
1225
1225
1207
1208
1225
1208
1207
1225
1225
1207
1208
1225
1225
1207
1225
1207
1190
1207
1207
1208
1208
1207
1207
1207
1208
1190
1190
1207
1208
1190
1207
1312
1190
1208
1208
1190
1208
1190
1190
1207
1207
1208
1208
1190
1207
1207
1208
1190
1207
1190
1208
1207
1207
1207
1190
1208
1207
1208
1208
1190
1190
1207
1190
1190
1207
1208
1190
1207
1207
1207
1295
1207
1208
1208
1190
1208
1207
1208
1208
1208
1207
1207
1208
1225
1225
1208
1225
1208
1225
1207
1207
1207
1208
1208
1190
1225
1207
1208
1225
1208
1207
1225
1207
1208
1208
1207
1208
1225
1190
1190
1208
1207
1190
1207
1207
1208
1207
1190
1208
1208
1190
1208
1190
1208
1207
1208
1207
1208
1190
1208
1208
1190
1208
1208
1208
1190
1208
1190
1190
1208
1208
1190
1208
1208
1208
1207
1207
1190
1190
1208
1208
1208
1208
1190
1190
1207
1208
1190
1207
1207
1190
1190
1207
1208
1207
1207
1208
1207
1207
1207
1207
1207
1207
1208
1208
1208
1190
1190
1190
1207
1207
1190
1190
1207
1208
1803
1365
1207
1207
1208
1208
1208
1208
1208
1208
1207
1207
1207
1207
1190
1190
1207
1225
1190
1208
1207
1207
1208
1505
1208
1208
1208
1208
1208
1208
1208
1208
1208
1208
1190
1207
1208
1190
1207
1207
1208
1190
1190
1190
1207
1208
1190
1190
1208
1207
1207
1207
1208
1207
1207
1208
1208
1190
1207
1208
1207
1207
1208
1190
1207
1207
1207
1207
1190
1207
1190
1207
1208
1207
1207
1208
1208
1207
1190
1190
1208
1208
1207
1208
1190
1400
1207
1207
1208
1208
1190
1243
1190
1208
1190
1207
1208
1208
1207
1207
1995
1295
1365
1225
1190
1207
1208
1207
1208
1207
1208
1190
1208
1207
1190
1207
1435
1207
1190
1242
1242
1225
1208
1207
1207
1190
1208
1190
1190
1208
1207
1208
1208
1207
1208
1207
1208
1207
1207
1470
1645
1382
3063
1208
1207
1225
1207
1208
1208
1225
1207
1207
1190
1243
1208
1225
1400
1207
1260
1242
1208
1207
1208
1207
1225
1225
1207
1242
1208
1207
1190
1208
1207
1225
1207
1190
1207
1190
1208
1190
1207
1225
1208
1208
1225
1225
1243
1207
1260
1190
1225
1208
1208
1207
1225
1242
1243
1207
1208
1208
1208
1190
1208
1207
1207
1190
1190
1190
1207
1190
1207
1208
1207
1242
1225
1243
1243
1225
1207
1207
1207
1208
1190
1207
1208
1207
1208
1207
1190
1207
1208
1242
1207
1208
1225
1645
1225
1242
1207
1242
1208
1225
1207
1208
1208
1225
1208
1190
1243
1208
1208
1225
1190
1208
1190
1207
1207
1243
1208
1243
1207
1208
1208
1207
1208
1208
1190
1190
1207
1207
1207
1190
1208
1260
1190
1208
1190
1208
1207
1190
1207
1208
1207
1452
1768
1208
1208
1208
1208
1190
1208
1208
1208
1208
1207
1225
1208
1225
1208
1208
1207
1225
1208
1225
1208
1225
1225
1208
1208
1207
1208
1208
1190
1207
1207
1225
1208
1225
1208
1207
1207
1225
1750
1225
1207
1242
1208
1207
1208
1207
1208
1207
1207
1225
1207
1207
1207
1225
1207
1208
1225
1295
1207
1208
1208
1207
1207
1207
1208
1225
1207
1208
1207
1208
1190
1208
1225
1207
1207
1208
1190
1207
1208
1207
1208
1208
1208
1207
1208
1435
1225
1208
1208
1208
1207
1208
1208
1190
1208
1208
1208
1557
1400
1207
1330
1225
1243
1243
1225
1225
1190
1208
1225
1225
1207
1225
1207
1225
1243
1225
1225
1243
1208
1225
1225
1208
1208
1225
1225
1225
1225
1225
1225
1260
1190
1207
1208
1225
1207
1208
1225
1208
1225
1225
1208
1225
1225
1208
1190
1190
1225
1208
1225
1208
1575
1225
1225
1225
1313
1225
1207
1225
1208
1225
1207
1208
1208
1225
1190
1208
1225
1208
1225
1540
1243
1522
1208
1225
1225
1225
1225
1243
1225
1208
1207
1207
1208
1208
1207
1207
1208
1207
1225
1225
1208
1190
1207
1190
1208
1207
1208
1207
1208
1208
1190
1190
1190
1208
1207
1225
1225
1207
1225
1207
1208
1207
1207
1208
1207
1208
1207
1207
1208
1208
1208
1207
1208
1208
1208
1208
1208
1243
1242
1207
1207
1208
1225
1225
1208
1225
1260
1225
1208
1207
1190
1225
1225
1662
1225
1208
1207
1225
1225
1207
1208
1207
1207
1225
1225
1208
1208
1225
1207
1208
1225
1225
1208
1207
1208
1225
1208
1207
1208
1208
1190
1225
1208
1208
1225
1207
1190
1225
1207
1225
1208
1208
1190
1225
1260
1313
1680
1575
1575
1575
1627
1592
1628
1557
1540
1645
1540
1540
1628
1698
1558
1540
1523
1610
1680
1558
1575
1522
1470
1453
1505
1522
1435
1627
1558
1540
1523
1715
1487
1732
1610
1610
1452
1487
1645
1557
1575
1768
1522
1715
1715
1855
1610
1680
1662
1628
1540
1680
1645
1470
1558
1540
1540
1592
1627
1487
1662
1645
1715
1697
1628
1803
1662
1715
1523
1662
1575
1662
1662
1645
1697
1610
1697
1925
1697
1767
1662
1767
1645
1680
1593
1680
1645
1575
1680
2135
1680
1697
1645
1697
1697
1715
1980
1505
1570
1435
1370
1540
1490
1450
1290
1475
1570
1510
1430
1480
1555
1490
1475
1555
1380
1445
1820
1490
1475
1355
1490
1600
1695
1490
2020
1340
1260
1105
1105
1170
1070
1290
1075
1070
1060
1075
1070
1075
1090
1075
1075
1055
1075
1090
1085
1060
1075
1075
1070
1090
1120
1055
1075
1090
1075
1070
1070
1075
1060
1090
1090
1060
1075
1070
1320
1105
1070
1075
1070
1055
1075
1090
1070
1090
1075
1075
1070
1075
1075
1075
1200
1070
1075
1075
1060
1075
1075
1060
1075
1070
1075
1075
1075
1070
1075
1085
1055
1075
1075
1075
1090
1070
1090
1090
1070
1075
1075
1070
1075
1075
1060
1075
1070
1055
1290
1075
1060
1070
1070
1070
1070
1075
1070
1075
1070
1070
1070
1090
1090
1070
1070
1075
1105
1055
1075
1060
1085
1075
1075
1100
1075
1105
1055
1075
1070
1075
1075
1075
1075
1075
1055
1070
1075
1070
1060
1075
1075
1090
1070
1070
1070
1075
1155
1075
1075
1060
1090
1075
1075
1090
1090
1075
1090
1070
1090
1105
1120
1070
1090
1060
1085
1385
1055
1090
1075
1075
1090
1075
1075
1090
1075
1070
1075
1090
1090
1090
1070
1070
1075
1075
1075
1075
1090
1090
1100
1090
1090
1055
1060
1060
1085
1085
1070
1070
1090
1090
1075
1085
1465
1090
1075
1075
1090
1105
1070
1075
1090
1090
1090
1085
1075
1090
1085
1090
1070
1090
1090
1090
1075
1090
1090
1090
1060
1075
1075
1090
1120
1105
1060
1055
1085
1055
1310
1075
1070
1090
1090
1070
1070
1055
1075
1090
1075
1075
1055
1060
1070
1090
1075
1075
1070
1070
1070
1075
1075
1090
1070
1075
1070
1075
1075
1070
1135
1075
1090
1075
1060
1070
1075
1070
1075
1070
1075
1070
1060
1070
1090
1075
1075
1075
1075
1075
1070
1090
1070
1195
1135
1055
1075
1075
1075
1075
1075
1075
1075
1060
1060
1075
1075
1060
1075
1075
1075
1075
1075
1105
1075
1075
1070
1075
1075
1070
1075
1075
1070
1070
1070
1055
1060
1055
1075
1075
1060
1055
1075
1075
1060
1075
1070
1075
1075
1075
1070
1075
1055
1055
1075
1075
1070
1075
1070
1060
1055
1070
1055
1075
1075
1075
1075
1075
1070
1075
1070
1075
1075
1070
1075
1070
1060
1075
1070
1070
1075
1070
1075
1060
1055
1075
1310
1075
1070
1075
1075
1060
1075
1075
1075
1635
1075
1070
1085
1105
1385
1075
1085
1055
1075
1085
1090
1070
1075
1070
1070
1075
1075
1090
1090
1075
1060
1075
1105
1090
1070
1070
1075
1070
1075
1060
1070
1070
1075
1070
1085
1070
1085
1055
1055
1090
1070
1075
1070
1075
1075
1075
1070
1075
1070
1070
1075
1070
3065
1755
1305
1055
1075
1090
1055
1075
1060
1060
1075
1075
1075
1090
1075
1075
1075
1075
1075
1090
1090
1075
1070
1075
1075
1070
1075
1075
1075
1070
1075
1070
1075
1090
1060
1075
1075
1075
1075
1070
1060
1070
1075
1075
1085
1060
1070
1075
1090
1055
1090
1075
1085
1075
1075
1090
1090
1090
1090
1070
1090
1085
1075
1075
1085
1075
1075
1075
1055
1075
1090
1105
1060
1320
1075
1085
1090
1090
1055
1075
1075
1070
1055
1075
1090
1070
1075
1120
1075
1075
1075
1060
1070
1075
1070
1120
1090
1090
1075
1070
1090
1090
1085
1090
1085
1090
1090
1275
1090
1070
1105
1120
1120
1090
1070
1085
1070
1075
1075
1105
1075
1070
1075
1120
1075
1090
1070
1090
1075
1085
1340
1105
1075
1075
1070
1070
1090
1090
1075
1090
1085
1090
1075
1075
1090
1075
1105
1090
1070
1070
1090
1085
1075
1070
1090
1075
1075
1070
1070
1075
1090
1105
1090
1075
1090
1195
1055
1090
1090
1070
1075
1070
1075
1075
1105
1075
1075
1070
1075
1075
1090
1075
1085
1075
1090
1090
1075
1070
1090
1090
1075
1075
1090
1085
1090
1105
1090
1090
1090
1070
1090
1075
1075
1090
1090
1075
1090
1075
1075
1105
1090
1075
1090
1090
1105
1090
1090
1075
1075
1070
1090
1070
1090
1075
1075
1075
1075
1075
1090
1075
1085
1075
1055
1070
1075
1090
1120
1120
1070
1070
1105
1075
1075
1070
1070
1075
1090
1085
1085
1075
1075
1070
1075
1075
1075
1085
1210
1105
1070
1075
1085
1055
1090
1090
1085
1085
1070
1075
1085
1090
1075
1075
1075
1075
1075
1090
1070
1090
1070
1085
1075
1090
1075
1070
1075
1085
1075
1090
1075
1090
1055
1075
1060
1075
1070
1090
1075
1070
1090
1075
1090
1075
1060
1075
1075
1075
1090
1075
1070
1075
1060
1075
1090
1060
1105
1105
1075
1075
1075
1075
1090
1090
1070
1085
1085
1090
1060
1075
1090
1070
1060
1105
1075
1075
1090
1055
1090
1070
1075
1075
1090
1070
1090
1090
1085
1085
1090
1090
1070
1120
966
980
966
980
952
966
966
966
966
966
966
966
966
952
966
966
966
966
966
980
966
952
966
966
966
966
966
966
966
966
966
966
966
966
980
966
966
966
966
966
966
966
966
966
966
966
966
966
980
966
966
966
966
966
966
966
966
966
966
966
966
966
966
980
966
966
966
980
966
966
966
966
966
980
966
966
966
966
966
966
980
980
966
952
966
966
980
966
966
966
966
980
966
966
966
966
966
966
966
952
966
966
966
966
966
966
966
966
966
966
952
966
966
966
966
966
952
966
966
966
966
966
966
966
966
966
966
980
952
1988
980
1386
1218
966
980
966
966
966
994
966
1064
966
952
952
966
966
966
966
966
966
966
966
952
966
966
966
966
966
966
966
966
952
952
966
966
966
966
994
966
952
966
966
994
994
952
994
994
966
994
994
966
1008
994
994
994
966
1008
966
994
966
994
994
994
994
966
1022
994
994
966
994
994
994
994
994
994
994
994
994
980
994
966
1008
994
994
966
994
966
1008
966
1204
994
1008
1008
994
994
994
994
994
966
994
994
994
966
966
1022
966
966
994
966
994
994
952
1008
980
994
980
994
994
994
1008
994
994
994
980
966
966
980
966
952
980
966
966
966
966
966
966
952
966
966
966
966
966
966
966
966
966
966
980
966
966
952
966
966
952
966
952
966
966
966
966
952
966
966
966
966
966
966
966
966
966
980
966
966
966
966
980
966
966
966
966
966
980
966
980
966
966
1274
966
952
966
966
1162
966
980
952
966
966
966
952
966
1036
966
966
966
966
966
966
966
966
966
994
966
1008
966
952
952
966
952
966
952
966
952
966
966
966
952
966
966
966
966
952
966
966
966
966
966
966
952
966
966
966
966
966
966
966
966
966
966
952
966
966
952
952
952
966
952
1036
966
966
980
980
980
980
1008
980
966
966
966
980
1176
980
980
952
966
980
980
980
966
966
966
966
980
980
966
966
966
966
966
966
980
994
966
980
980
1148
966
980
980
966
980
980
980
966
980
980
966
966
966
952
980
966
966
980
1134
1218
1176
994
966
1218
1260
1162
1078
1148
1218
1302
1162
1302
1204
1204
980
980
966
966
966
966
966
966
966
966
966
966
966
966
966
966
966
966
966
966
952
966
966
966
966
966
966
994
966
966
966
980
966
966
966
966
966
966
966
966
966
966
966
952
966
966
966
980
966
966
966
966
966
966
966
966
966
966
966
966
966
966
980
966
966
966
980
966
966
966
966
966
966
966
966
980
966
966
966
966
952
966
966
966
966
966
966
966
966
966
980
966
1036
966
966
966
966
966
966
966
966
966
966
966
952
966
952
966
952
966
966
952
966
966
966
966
952
966
952
966
966
966
952
966
952
966
966
952
966
966
966
966
952
952
966
952
966
952
952
952
952
966
966
966
952
966
966
966
966
952
952
966
952
966
966
952
966
952
966
966
966
966
980
966
952
966
966
966
952
952
966
952
966
966
966
966
952
966
966
952
966
966
966
966
966
952
952
966
952
952
952
966
966
966
966
966
966
952
966
966
EncryptTime::  Mean: 857 Median: 966 90th: 1208 95th: 1400 99th: 1698 99.9th: 2135 Min: 340 Max: 3416 Count: 10000
