1195
595
440
525
430
445
430
425
440
395
355
380
375
430
375
370
430
375
380
385
355
380
375
370
380
370
455
375
385
355
355
375
375
375
375
370
385
370
430
370
380
375
375
375
380
375
355
380
385
365
385
375
375
420
360
375
355
375
380
380
360
380
375
355
375
350
350
350
370
360
350
360
400
355
355
365
350
415
350
355
355
350
410
430
350
350
355
355
355
350
350
355
355
350
355
350
350
355
350
350
350
355
350
355
350
360
350
355
355
350
360
350
355
350
350
350
350
350
350
350
360
370
355
360
355
350
350
350
350
355
350
350
355
350
355
355
350
350
350
355
355
350
355
350
350
355
355
355
355
355
355
350
355
350
350
350
350
350
350
350
350
350
350
350
350
350
355
350
350
350
350
350
355
355
350
350
355
350
355
350
355
350
350
355
355
355
355
360
355
350
360
350
350
355
355
350
350
350
350
355
350
355
350
355
355
350
350
350
355
355
350
350
355
350
350
355
350
350
355
355
355
350
350
350
355
350
355
350
350
355
355
350
350
355
355
350
355
350
355
350
355
350
350
350
350
355
360
355
350
425
500
420
420
430
410
405
375
350
350
350
350
355
360
380
350
350
355
420
350
350
355
360
415
350
360
365
375
405
355
360
355
350
350
355
350
350
350
350
350
350
350
350
345
350
350
350
350
350
350
350
350
350
350
350
350
350
350
350
350
355
350
350
350
350
350
350
345
350
350
350
350
350
350
350
350
350
350
350
355
350
350
350
350
350
350
350
350
350
350
350
350
350
350
350
350
350
350
350
350
350
350
350
355
350
350
355
350
350
350
350
355
350
350
350
350
350
355
355
350
350
350
350
355
350
350
350
355
350
350
350
355
360
350
355
350
350
350
350
350
350
350
350
350
350
350
350
350
350
350
350
350
355
355
350
420
360
355
350
355
415
440
415
340
400
345
350
350
345
345
345
345
350
385
340
350
335
340
340
340
340
345
350
340
340
555
340
340
350
340
350
345
340
350
360
335
350
335
345
335
345
355
345
350
340
350
340
340
340
355
340
430
400
955
340
335
335
405
330
340
335
345
435
345
340
345
335
445
340
345
400
340
340
420
335
430
335
335
340
430
345
335
400
340
335
380
340
340
390
335
340
340
335
335
415
345
335
420
340
335
1245
345
335
370
410
330
340
340
340
335
335
335
340
335
415
400
335
340
340
340
345
335
425
335
430
415
340
335
335
915
335
330
415
340
340
340
335
410
420
415
410
335
335
335
335
340
340
335
335
400
415
400
420
425
390
400
405
415
400
380
335
410
380
380
415
410
430
455
400
425
345
405
420
345
410
370
385
415
320
325
325
325
330
330
335
325
325
325
325
325
325
325
325
325
325
325
325
325
325
325
325
325
325
320
325
325
325
325
325
325
325
325
325
325
325
325
325
325
325
325
325
330
325
325
325
325
325
325
325
325
325
325
325
325
325
325
325
325
325
325
325
325
325
325
325
325
325
325
325
325
325
325
325
325
325
325
325
325
325
325
325
325
325
325
325
325
325
320
325
325
330
325
325
325
325
325
325
325
330
400
385
365
395
405
415
395
370
390
375
385
370
385
395
425
400
385
365
415
390
375
390
430
385
390
405
395
390
365
325
330
325
325
325
325
325
330
325
325
325
325
325
325
330
325
325
330
325
325
325
325
325
330
325
325
325
325
325
325
325
325
340
325
330
340
340
335
325
325
330
325
325
325
325
325
325
325
325
325
325
325
330
325
330
330
325
325
325
325
325
325
330
325
330
330
330
325
330
330
325
325
325
325
325
325
325
330
325
325
325
325
325
330
325
325
325
325
330
325
325
325
325
325
330
325
325
325
330
330
325
330
325
325
325
330
325
330
325
325
325
325
330
325
325
325
325
325
325
330
325
325
325
330
325
325
325
325
325
325
325
330
325
325
325
325
325
330
325
325
325
330
325
330
325
325
325
330
325
325
325
325
395
355
325
380
385
330
330
325
340
395
330
335
335
325
395
325
325
325
335
395
335
325
325
325
325
325
340
335
385
330
330
335
335
380
325
330
325
325
385
325
335
330
410
380
325
330
385
330
325
380
340
380
330
335
330
325
390
335
330
335
330
380
395
330
330
330
330
370
330
325
330
390
375
330
330
325
325
325
325
325
325
325
325
330
325
330
325
325
325
325
325
325
325
325
325
330
325
325
330
330
325
325
325
325
325
330
325
325
330
325
325
325
325
325
330
330
330
325
325
325
325
325
330
325
325
330
325
325
325
325
330
325
325
325
325
325
325
325
325
325
325
330
330
325
325
325
325
325
325
325
325
325
330
325
325
355
330
325
325
325
325
325
325
330
325
330
325
325
325
325
325
325
325
325
325
325
325
325
325
325
325
325
325
325
325
325
330
325
325
325
325
325
325
325
325
325
330
325
325
325
325
325
325
325
325
325
325
325
330
325
325
330
325
325
325
325
330
325
325
330
330
325
325
325
325
325
325
325
325
325
325
325
325
330
330
330
325
325
325
325
330
325
325
330
325
325
325
325
330
325
325
325
325
325
325
325
325
330
325
325
325
325
325
325
325
325
330
325
325
325
325
325
330
325
325
325
325
325
325
325
325
330
325
325
325
325
325
325
325
325
325
325
325
325
325
325
325
325
325
325
325
325
325
325
325
325
325
325
325
325
325
325
330
325
325
415
330
325
385
335
325
325
330
385
330
335
330
325
380
335
325
330
335
385
330
325
330
325
395
330
325
330
330
390
325
325
330
325
380
330
325
335
330
390
330
330
335
325
385
330
335
330
325
385
330
330
330
335
375
325
325
330
325
380
330
720
360
325
325
330
325
325
325
405
380
330
330
400
325
330
330
325
390
325
335
330
325
385
330
325
330
390
390
375
335
325
330
325
380
325
325
385
335
390
325
325
335
335
390
325
375
335
340
330
335
390
325
325
335
330
385
330
335
330
330
385
325
335
325
325
325
325
325
325
325
325
325
325
325
330
325
325
325
325
325
325
325
325
330
330
325
325
330
325
330
380
335
335
335
325
380
325
330
335
385
330
330
330
405
350
325
325
325
325
365
330
395
320
325
325
325
325
325
325
325
320
325
325
325
330
325
405
335
325
335
325
395
390
405
325
325
325
325
325
325
325
325
325
325
335
325
330
330
325
325
330
325
325
325
330
325
325
325
330
325
330
325
325
325
325
325
325
325
325
325
325
325
325
325
325
325
325
325
325
325
325
325
330
325
325
325
325
325
325
325
330
325
325
325
325
325
325
325
325
325
325
325
325
325
325
325
325
325
330
325
325
325
325
325
325
325
325
325
325
325
325
325
325
325
325
325
325
325
325
325
325
325
330
325
325
325
325
325
325
325
325
325
325
325
325
325
325
325
325
325
325
325
325
330
325
325
325
325
325
325
330
330
325
325
325
325
325
325
325
325
325
325
325
325
325
325
325
325
325
325
325
325
325
325
325
325
325
325
325
325
325
325
325
325
325
325
320
325
325
325
325
325
325
325
325
325
325
325
325
325
325
325
325
325
325
330
325
325
325
325
325
325
325
325
325
325
325
325
325
330
325
325
325
325
325
325
325
325
325
325
330
325
325
325
325
325
325
325
325
325
325
325
325
325
325
325
345
380
330
325
325
325
325
325
325
325
325
330
330
330
330
325
325
330
325
330
325
325
325
325
325
325
330
325
325
325
325
330
330
325
325
325
320
325
330
330
330
325
325
325
320
325
325
325
325
325
330
330
330
325
325
325
325
325
325
325
325
325
325
325
325
325
325
330
325
325
330
325
325
325
325
325
325
325
325
325
330
325
325
325
325
325
325
325
325
325
330
325
325
325
325
325
325
325
325
325
325
325
325
325
330
330
325
325
325
325
325
325
325
325
325
325
325
330
325
325
330
330
325
325
325
325
325
325
325
325
325
325
325
325
325
325
325
325
330
325
330
325
325
325
325
325
325
325
330
325
325
325
330
325
325
325
325
325
330
325
325
325
325
325
325
340
325
415
330
330
325
325
325
325
325
325
330
330
330
325
325
325
325
325
325
325
325
325
325
345
380
355
375
385
385
325
330
330
325
390
330
325
325
375
335
335
335
335
385
330
330
325
375
325
330
330
330
385
375
330
375
325
335
325
325
325
325
325
325
325
325
330
325
325
330
330
325
325
325
325
325
325
325
330
330
325
325
325
325
325
325
325
325
325
325
330
325
325
325
325
325
325
330
325
325
325
325
325
325
325
325
325
325
325
325
325
325
325
325
325
325
325
330
325
325
325
325
325
325
325
325
325
325
325
325
325
325
325
330
325
340
325
330
375
335
330
325
330
385
330
330
330
335
375
325
330
325
325
330
335
330
380
335
335
325
325
390
325
330
325
330
380
330
330
335
330
385
335
330
330
335
385
330
325
330
330
380
330
330
325
330
385
325
330
325
335
390
330
330
325
330
375
335
325
330
330
385
335
330
325
375
380
330
330
325
385
325
335
330
325
380
325
325
330
325
380
330
330
325
330
400
325
330
325
385
665
340
335
420
385
355
440
345
340
340
345
345
350
340
340
335
350
335
340
345
340
340
395
340
345
340
345
350
345
335
405
345
395
445
415
335
395
340
405
405
410
340
345
345
340
350
335
345
340
335
390
345
335
430
340
345
335
335
340
405
335
345
340
350
350
335
345
405
340
345
345
355
340
340
345
340
340
350
350
335
340
335
335
335
340
335
340
335
335
340
335
340
345
345
345
345
345
335
340
340
340
345
340
340
350
340
345
345
340
340
340
340
335
345
345
340
345
335
345
340
340
340
345
350
345
335
350
350
345
340
345
340
350
345
345
345
335
340
350
340
340
340
340
345
335
340
340
340
345
335
345
345
340
335
340
340
340
340
335
350
345
350
335
355
340
345
345
350
335
350
335
340
345
345
340
345
335
365
405
340
345
340
350
405
340
340
335
340
400
335
340
340
345
405
340
345
345
340
405
335
335
340
340
335
400
340
340
360
340
405
340
340
815
510
430
370
370
405
360
375
370
355
370
370
370
370
355
450
375
365
355
430
370
355
375
375
360
355
355
375
380
375
380
360
375
375
360
365
425
350
355
370
360
375
355
430
425
360
380
375
375
365
355
360
375
430
375
375
380
375
435
355
390
370
360
360
355
375
355
425
365
405
355
375
355
365
420
450
370
375
370
360
370
355
370
355
370
365
370
370
370
370
355
355
360
370
355
370
370
370
375
370
355
370
355
370
370
370
355
355
370
355
355
425
375
380
375
375
420
365
360
370
360
440
375
355
375
370
425
355
375
365
370
430
375
355
365
375
370
360
375
375
435
370
385
360
380
420
370
375
375
355
370
385
430
360
375
385
355
425
375
380
360
385
430
370
375
370
375
375
375
370
415
375
375
370
365
425
355
375
360
370
420
370
375
355
365
360
380
425
365
355
370
375
370
385
375
360
370
370
430
370
370
370
375
375
360
420
355
355
375
355
365
370
440
360
380
375
375
425
375
375
375
365
380
370
350
370
355
370
375
375
375
380
370
420
375
360
360
370
440
360
355
375
375
430
355
355
360
390
450
365
370
380
375
375
365
370
360
355
375
375
360
370
380
380
375
435
375
380
375
355
375
375
375
375
375
360
355
365
375
425
355
375
375
370
360
370
375
360
375
370
375
360
365
355
370
360
370
420
370
380
370
370
370
360
375
380
380
375
375
380
380
375
375
365
380
375
375
360
360
370
380
370
355
360
380
380
375
415
430
375
380
375
370
355
370
370
375
375
370
370
365
375
435
380
360
375
375
375
375
370
380
430
375
380
370
355
375
360
370
375
370
355
370
360
370
375
375
355
360
360
375
355
360
365
375
355
380
380
360
355
375
355
360
380
375
380
370
360
462
455
462
462
518
546
546
532
560
539
567
560
539
462
455
455
455
455
455
462
455
455
462
462
462
455
455
455
455
462
462
455
462
448
462
455
455
455
455
455
462
455
455
455
455
462
462
462
455
455
455
462
455
462
455
455
455
462
455
455
455
455
455
455
455
455
455
462
455
462
455
455
455
455
455
462
455
455
462
462
462
455
455
462
462
455
462
455
455
462
462
462
455
462
462
462
455
462
455
462
462
462
455
462
455
462
455
455
462
455
462
462
462
462
462
462
568
576
579
568
579
568
576
568
579
579
576
576
576
560
576
579
576
576
579
571
560
568
571
568
576
568
571
568
571
568
568
568
568
568
568
579
568
571
571
571
576
568
571
568
576
571
568
568
568
568
568
571
571
571
571
576
568
579
568
579
568
571
571
568
568
568
571
568
568
568
568
568
571
568
568
568
571
603
576
568
579
568
568
568
568
579
568
576
568
568
568
571
568
579
568
665
568
568
568
571
571
568
568
568
568
568
571
568
571
571
568
568
568
568
579
568
571
571
568
571
568
576
568
568
571
568
571
568
568
571
568
568
568
568
568
568
579
568
568
622
552
657
579
568
568
579
579
579
587
571
587
576
571
568
571
568
716
568
584
576
571
579
576
587
576
568
579
576
568
579
579
576
568
587
568
571
571
576
576
576
576
579
576
568
579
579
576
587
568
576
568
595
579
579
579
576
579
568
571
576
587
576
568
571
579
576
576
568
579
576
579
579
576
568
579
571
579
587
568
576
576
568
587
576
579
579
568
579
579
584
568
584
579
579
568
576
587
584
584
568
576
571
571
576
571
571
584
576
587
579
587
568
568
568
579
571
579
568
571
579
576
579
568
576
568
587
571
576
587
587
579
568
576
579
576
584
595
571
568
587
568
576
579
576
571
571
595
576
568
579
568
587
568
576
568
568
579
568
568
579
568
571
576
579
568
568
584
576
568
568
587
568
584
576
568
571
579
568
571
587
587
584
579
576
579
579
568
579
576
584
579
568
571
568
579
579
576
584
595
576
579
568
576
568
568
700
579
576
568
560
568
568
576
579
571
568
568
571
568
568
568
571
579
568
1220
720
650
650
660
650
650
650
650
650
650
650
650
650
650
650
650
650
650
650
650
650
660
650
650
650
650
650
650
650
650
650
650
650
660
650
650
650
650
650
650
650
650
650
1020
840
890
770
660
660
660
660
650
660
670
650
650
660
660
650
670
660
650
650
650
650
650
660
660
650
800
770
750
740
650
650
650
650
650
660
650
750
650
660
650
650
660
650
640
650
740
650
650
660
650
650
650
650
650
650
740
650
650
650
650
650
650
760
760
660
660
650
650
650
650
760
750
660
650
650
650
650
650
650
740
760
650
650
650
660
660
650
650
660
750
650
650
660
650
660
650
650
660
750
750
650
650
650
660
660
650
650
650
750
750
650
650
660
660
660
650
640
650
650
760
650
650
660
650
640
650
650
650
760
650
660
650
650
660
660
650
660
660
650
650
750
750
660
660
690
650
660
650
640
750
650
660
660
650
660
650
640
650
660
660
650
650
650
660
650
650
650
660
650
650
660
750
750
750
650
660
650
650
650
740
690
650
650
750
750
650
650
650
650
650
660
770
650
650
660
660
650
650
660
650
660
650
650
650
650
650
660
660
660
650
660
660
650
650
650
650
660
650
650
660
650
650
660
660
650
750
650
650
650
660
660
650
650
650
750
650
650
650
650
650
650
660
660
650
640
750
650
650
660
660
740
650
650
650
650
650
650
780
750
650
650
650
660
650
650
650
650
650
650
660
660
650
660
660
660
760
650
660
650
650
660
650
650
660
640
650
650
650
650
650
660
650
750
650
660
660
650
650
650
650
650
650
660
650
650
650
650
660
650
660
650
650
650
660
650
660
650
660
650
650
660
660
650
650
650
650
650
650
640
660
660
650
650
660
650
650
660
650
650
660
640
660
650
650
650
650
650
660
640
650
660
660
660
650
650
650
640
650
650
650
1070
650
650
650
660
650
650
750
780
650
660
660
660
650
650
660
650
660
650
650
750
650
650
660
650
650
650
650
660
650
660
650
650
650
650
650
650
650
640
640
650
650
650
640
650
650
760
800
890
760
800
820
820
800
820
810
820
850
800
830
850
810
810
790
880
800
820
780
830
810
820
820
830
830
770
830
860
820
850
850
810
850
810
830
780
860
800
750
790
800
860
930
850
960
810
800
830
800
830
930
820
810
800
970
1249
1050
1061
969
945
980
967
980
921
956
945
899
910
1015
993
967
991
980
980
945
956
945
945
1050
1015
923
969
945
899
934
934
934
956
934
910
956
980
945
934
932
932
958
945
921
980
921
980
956
921
923
934
932
956
910
967
1004
945
958
932
932
910
1004
932
967
993
945
910
980
956
980
945
956
969
921
945
956
956
932
980
945
945
921
899
956
956
1015
921
934
980
945
921
899
991
967
969
921
980
921
969
958
921
910
958
967
967
945
945
945
932
969
967
945
886
991
886
967
991
934
945
993
1026
945
934
958
934
956
967
910
945
956
969
934
934
958
945
969
958
958
969
967
980
967
956
1004
945
1028
956
958
945
956
945
980
945
980
991
923
956
1028
934
993
921
958
945
956
923
969
945
932
958
980
969
969
993
934
956
969
958
958
934
934
980
945
932
945
956
956
1015
921
945
1015
980
934
956
958
958
967
980
923
945
958
945
945
910
945
980
945
921
932
1004
956
956
980
945
945
934
1004
1015
934
969
923
934
934
945
967
956
1004
1002
945
980
993
991
967
921
934
921
910
934
956
945
934
980
980
945
956
934
945
945
1002
921
969
945
969
921
1002
910
921
969
991
1026
910
934
921
1015
910
1002
921
945
934
969
945
967
934
991
993
969
945
910
945
980
1050
934
910
969
980
934
945
921
958
934
934
945
993
945
980
899
945
934
945
934
967
969
910
921
958
945
958
945
932
967
945
921
958
40180
980
921
991
969
969
967
969
945
945
934
934
945
980
932
956
969
934
969
991
1050
1236
759
759
757
759
910
770
759
759
759
770
759
759
759
759
759
757
759
757
746
759
759
746
759
757
757
770
759
748
759
956
759
759
770
759
757
770
759
759
759
759
770
757
759
759
759
759
757
770
759
759
770
759
770
1446
829
757
888
827
781
770
770
759
757
781
770
886
759
757
759
757
757
759
759
759
757
759
757
759
770
757
770
770
759
759
757
757
770
759
770
759
759
759
759
757
757
759
770
757
759
759
759
757
759
759
757
759
757
757
757
757
759
2800
770
757
781
759
759
757
757
759
759
759
770
759
757
759
759
757
759
757
757
759
759
770
759
757
759
759
757
770
759
759
759
759
759
759
759
759
770
759
759
770
757
757
759
759
770
759
759
757
759
759
759
759
759
759
746
759
759
759
757
757
757
757
759
759
759
759
851
770
759
770
757
770
934
770
770
757
759
770
759
757
770
770
759
770
759
770
757
770
759
770
759
770
759
770
757
770
770
770
759
770
759
770
757
759
770
757
770
770
759
759
757
770
770
770
770
757
770
770
770
757
770
770
759
770
770
770
757
759
770
757
770
759
770
770
770
770
759
770
759
757
770
759
759
770
770
770
759
759
757
770
759
770
757
770
770
770
759
770
770
757
770
805
759
757
759
757
759
759
759
759
746
757
759
759
757
757
759
757
757
757
757
759
759
757
770
759
757
757
759
759
770
757
770
759
759
757
759
759
759
757
759
757
759
757
759
757
759
759
757
759
759
759
759
759
759
759
759
759
757
759
759
757
757
757
757
757
757
759
759
757
757
757
759
759
770
759
759
759
759
757
757
759
759
759
759
759
757
759
759
759
759
759
759
759
759
759
759
759
759
759
759
757
757
757
757
759
759
757
757
757
759
757
759
770
759
759
759
757
759
757
759
759
757
1085
757
770
818
757
757
748
759
759
770
757
759
759
759
757
759
759
759
759
746
759
840
759
746
759
759
759
757
770
770
783
757
759
759
783
770
794
770
770
757
770
770
781
923
921
759
757
746
770
896
1148
910
924
910
896
910
924
910
924
910
924
938
924
910
924
910
938
910
910
910
924
924
924
924
924
910
924
924
910
924
910
910
910
910
952
924
938
924
924
910
924
924
924
910
910
924
910
910
924
910
924
924
924
910
938
924
924
910
924
910
910
924
938
910
910
910
924
924
910
924
938
910
924
924
1078
938
924
924
924
910
910
896
910
910
910
910
910
910
924
896
896
910
910
910
910
910
910
924
910
910
910
910
910
910
910
910
910
924
910
910
910
910
910
910
910
910
910
910
910
910
924
910
910
910
910
910
910
910
910
1078
924
910
910
910
910
910
910
910
910
910
910
910
910
910
910
924
910
910
910
910
910
910
910
910
910
910
924
924
910
910
910
910
910
910
910
910
910
910
910
910
910
910
910
910
1134
910
924
924
924
924
924
924
938
910
924
1246
924
910
910
924
910
924
924
910
910
938
910
910
910
938
910
910
938
952
924
910
924
924
924
910
924
938
910
910
910
910
924
924
938
910
910
910
910
910
924
924
938
924
924
924
952
966
938
910
910
910
924
924
924
910
924
924
952
910
952
910
910
910
924
910
924
910
938
924
924
924
910
910
938
910
924
924
938
924
924
910
938
910
910
910
910
924
910
924
924
910
910
938
952
910
910
910
910
910
910
924
910
910
910
910
924
924
910
924
910
910
924
910
938
924
924
924
910
910
938
910
924
924
952
910
910
924
910
924
910
938
938
924
938
910
924
924
924
910
910
910
924
910
924
938
952
924
910
938
924
938
910
924
924
910
910
910
910
910
910
896
910
910
910
910
910
924
924
924
924
924
910
910
910
910
910
910
910
910
910
910
910
910
910
910
910
910
910
910
910
924
910
910
910
910
910
910
910
910
910
910
910
910
910
910
910
910
910
910
910
910
924
910
910
924
910
910
910
910
910
910
910
910
910
924
910
910
910
910
924
910
910
924
910
910
910
910
910
910
910
910
910
910
910
910
910
910
910
910
910
910
910
910
910
910
910
910
910
910
910
910
910
910
910
896
910
910
910
910
910
910
910
896
910
910
910
910
910
910
910
966
910
910
896
910
910
910
896
896
910
910
910
910
910
910
910
910
910
910
910
910
910
910
924
896
910
910
910
910
910
910
910
896
910
910
910
910
910
910
910
910
910
896
910
910
910
910
910
910
910
910
910
910
1036
924
910
896
924
910
910
924
924
924
924
910
924
910
910
924
938
910
924
910
910
924
896
910
924
938
924
910
924
910
1708
1134
924
910
924
910
1008
868
924
924
924
924
924
924
924
924
924
924
910
924
924
910
924
910
924
924
910
924
924
910
924
924
924
924
924
910
910
924
924
938
924
938
938
910
938
910
910
924
924
896
910
924
910
910
910
910
924
910
910
924
924
924
924
924
924
896
910
924
938
924
924
938
938
924
924
910
924
910
910
924
924
924
924
910
924
910
924
924
924
924
910
924
924
910
924
924
924
924
910
910
910
910
924
924
910
924
910
924
924
910
924
924
910
910
910
910
924
924
924
924
924
910
924
910
924
910
924
924
924
910
924
924
910
924
924
924
910
924
910
910
910
896
910
910
910
910
910
910
910
910
910
910
910
910
910
924
924
896
910
910
910
910
910
910
910
924
910
910
910
910
910
910
924
910
910
910
910
910
910
910
910
924
910
910
910
910
910
910
910
910
910
910
910
910
910
910
910
910
910
910
910
910
910
910
910
896
910
910
910
910
896
896
910
910
910
910
910
910
910
910
910
924
910
910
910
910
910
910
910
910
910
910
910
910
910
910
910
924
910
910
910
910
910
910
910
910
910
1050
924
910
910
924
910
1176
1190
1092
1092
1106
924
910
910
910
910
910
910
910
910
896
910
896
896
910
910
910
910
910
910
910
924
910
910
910
994
1078
910
938
924
910
924
924
938
910
924
910
910
938
910
924
924
910
924
924
938
938
910
924
924
910
938
910
910
910
924
938
938
938
910
924
910
924
924
910
924
924
924
910
910
910
910
910
910
910
910
910
910
910
910
910
910
924
910
910
910
910
924
910
910
910
910
910
910
910
910
910
910
910
910
910
910
910
910
910
924
910
910
910
910
910
910
910
910
910
910
924
924
910
910
910
910
910
924
910
910
910
910
896
910
896
910
910
910
910
910
910
910
910
910
910
924
910
910
910
896
910
910
1092
910
924
910
910
924
910
910
910
910
910
910
924
910
910
896
910
910
910
910
910
910
896
924
1120
938
938
910
910
896
910
952
924
910
924
910
910
910
924
910
910
910
924
910
910
910
910
910
910
910
924
924
924
938
896
924
910
938
924
938
1120
1218
966
1050
1316
1302
1106
1050
910
910
910
910
924
910
910
924
910
910
910
910
910
910
910
910
910
910
910
910
910
910
910
910
910
910
910
910
896
924
910
910
910
910
910
910
896
910
910
910
910
910
910
910
910
910
910
1092
938
924
910
910
910
910
910
910
910
910
910
910
910
910
910
1092
924
910
910
910
896
910
910
910
910
910
910
910
896
910
910
910
924
910
924
924
910
910
910
910
910
910
924
910
910
910
910
910
910
910
910
910
910
910
910
910
910
910
910
910
910
910
910
910
910
910
910
910
910
910
910
910
910
910
910
910
910
910
910
910
910
910
910
910
910
910
910
910
924
924
910
910
924
910
910
910
910
910
910
910
910
910
910
910
910
910
910
910
910
910
910
910
910
910
910
910
910
910
910
910
910
910
910
910
910
910
910
910
910
910
910
910
910
910
1036
910
910
910
910
910
910
924
910
910
910
910
910
924
910
924
910
910
910
910
910
910
910
1176
910
910
924
910
910
910
910
910
910
910
910
910
924
910
910
910
910
910
910
910
924
910
910
910
910
924
924
910
910
924
910
924
910
924
910
924
910
910
910
910
910
910
910
910
910
910
910
910
910
910
910
910
910
910
896
910
910
924
910
910
910
910
896
910
924
910
924
910
924
910
910
924
924
910
910
910
910
910
924
910
910
910
910
910
910
924
910
910
924
910
924
910
910
924
910
910
910
924
924
910
924
910
910
924
910
910
910
910
910
910
910
910
910
910
910
910
910
910
910
910
910
910
910
924
910
910
910
910
924
924
910
910
910
910
910
910
910
924
924
910
924
924
924
910
952
896
910
910
910
924
896
910
910
924
910
910
910
910
910
910
1106
1120
1106
1134
1414
1400
1302
1148
1106
1176
1148
1120
1134
1092
1106
1148
1148
1162
1162
1120
910
910
896
910
924
910
910
910
910
924
910
910
910
910
910
924
910
910
910
924
910
910
910
924
910
924
910
910
910
910
910
910
910
910
910
924
910
910
924
910
910
910
910
910
924
924
910
910
924
910
2240
1185
1135
1010
1010
1030
1010
1025
1010
1010
1010
1010
1010
1025
1030
1040
1025
1010
1010
1025
1025
1015
1010
1010
1015
1010
1030
1015
1015
1010
1015
1015
1090
1060
1010
1015
1010
1015
1015
1010
1015
1010
1015
1010
1015
1215
1025
1010
1010
1010
1015
1025
1010
1015
1015
1025
1010
1010
1010
1030
1010
1010
1030
1015
1015
1010
1010
1015
1010
1015
1010
1010
1010
1015
1010
1025
1030
1010
1010
1010
1010
1025
1010
1010
1010
1015
1170
1025
1010
1010
1010
1010
1010
1015
1010
1010
1010
1010
1010
1015
1010
1010
1015
1010
1010
1010
1010
1010
1010
1010
1010
1010
1015
1010
1010
1025
1010
1010
1185
1025
1195
1230
1170
1025
1010
1010
1015
1010
1010
1010
1010
1025
1015
1025
1010
1030
1010
1010
1015
1010
1010
1010
1010
1010
995
1010
1015
1015
1025
1015
1010
1010
1030
1010
1010
1010
1010
1010
1025
1015
1010
1010
1015
1015
1030
1010
1010
1015
1015
1010
1015
1010
1010
1010
1010
1010
1025
1010
1010
1010
1015
1010
1010
1010
1015
1010
1010
1015
1010
1010
1015
1025
1010
1010
1015
1015
1025
1015
1015
1010
1010
1010
1015
1010
1010
1010
1010
1010
1010
1010
1010
1010
1010
1010
1010
1010
1030
1010
1010
1010
1015
1010
1015
1010
1025
1010
1025
1010
1025
1010
1010
1030
1010
1010
1015
1010
1015
1010
1010
1010
1010
1010
1010
1010
1010
1025
1015
1010
1010
1015
1025
1010
1015
1010
1030
1010
1010
1010
1025
1015
1015
1025
1015
1015
1025
1015
1010
1025
1010
1010
1010
1010
1010
1010
1015
1010
1025
1010
1010
1010
1010
1010
1015
1010
1015
1010
1010
1015
1010
1015
1010
1010
1010
1010
1010
1015
1010
1025
1015
1010
1015
1010
1010
1010
1010
1015
1025
1010
1010
1025
1010
1010
1010
1025
1150
1135
1170
1275
1305
1260
1260
1275
1245
1275
1260
1275
1290
1290
1275
1310
1290
1290
1230
1260
1260
1215
1290
1180
1295
1260
1290
1305
1305
1260
1230
1275
1305
1230
1230
1290
1355
2135
1592
1418
1487
1435
1452
1400
1470
1365
1348
1400
1487
1417
1470
1348
1400
1470
1435
1382
1382
1505
1400
1435
1453
1435
1435
1470
1400
1470
1417
1383
1382
1418
1418
1400
1470
1418
1470
1435
1400
1417
1382
1400
1400
1365
1470
1417
1435
1400
1417
1400
1470
1400
1453
1400
1487
1488
1505
1347
1435
1522
1435
1400
1383
1400
1365
1452
1470
1418
1400
1418
1400
1488
1470
1523
1505
1417
1400
1435
1382
1453
1435
1452
1417
1400
1435
1452
1453
1417
1435
1435
1417
1435
1452
1365
1487
1505
1488
1435
1488
1487
1452
1400
1417
1418
1400
1383
1418
1365
1418
1452
1435
1365
1365
1400
1382
1365
1452
1365
1400
1382
1383
1470
1435
1452
1435
1382
1382
1488
1435
1488
1400
1348
1470
1505
1418
1435
1435
1417
1470
1418
1400
1382
1365
1330
1418
1418
1452
1348
1435
1365
1453
1417
1435
1418
1435
1365
1400
1505
1400
1452
1365
1435
1470
1452
1418
1417
1470
1453
1365
1382
1365
1470
1417
1470
1435
1453
1418
1400
1418
1383
1365
1365
1400
1522
1400
1383
1435
1400
1435
1435
1417
1435
1505
1400
1418
1470
1400
1452
1435
1435
1470
1435
1435
1435
1400
1435
1453
1417
1383
1400
1488
1435
1417
1383
1400
1400
1400
1417
1452
1400
1453
1383
1470
1418
1453
1400
1453
1453
1453
1452
1365
1400
1383
1487
1453
1435
1400
1417
1470
1417
1365
1453
1400
1435
1365
1470
1435
1453
1452
1418
1417
1488
1452
1452
1453
1435
1435
1487
1417
1400
1435
1400
1435
1452
1452
1400
1452
1452
1400
1400
1452
1418
1418
1417
1470
1435
1418
1383
1400
1365
1137
1137
1138
1137
1155
1155
1137
1155
1138
1137
1138
1155
1155
1137
1138
1155
1120
1138
1137
1137
1137
1155
1138
1137
1137
1138
1138
1138
1155
1137
1155
1137
1137
1137
1155
1137
1138
1138
1137
1137
1137
1435
1138
1277
1785
1330
1120
1137
1137
1138
1155
1137
1172
1155
1138
1155
1155
1155
1155
1155
1173
1137
1172
1173
1155
1155
1137
1137
1173
1155
1172
1138
1155
1155
1155
1155
1138
1137
1155
1155
1137
1155
1155
1155
1173
1155
1172
1155
1137
1155
1155
1137
1155
1190
1190
1138
1155
1138
1155
1155
1137
1173
1155
1155
1138
1173
1155
1155
1190
1155
1138
1155
1137
1155
1155
1155
1138
1155
1138
1155
1155
1173
1155
1172
1155
1190
1138
1155
1137
1155
1453
1400
1400
1540
1592
1627
1453
1418
1365
1172
1155
1155
1278
1155
1138
1155
1155
1173
1173
1173
1155
1190
1120
1173
1172
1138
1155
1173
1155
1138
1138
1190
1138
1172
1138
1155
1155
1155
1120
1137
1155
1137
1155
1155
1172
1155
1137
1173
1155
1172
1137
1155
1138
1172
1137
1155
1155
1173
1155
1155
1155
1155
1155
1155
1155
1155
1155
1138
1172
1155
1137
1137
1010
1010
1025
1025
1030
1040
1010
1040
1010
1015
1030
1010
1025
1025
1010
1010
1010
1045
1040
1025
1010
1015
1025
1025
1015
1025
1025
1040
1040
1010
1010
1025
1010
1025
1010
1040
1025
1010
1025
1030
1010
1025
1025
1025
1010
1025
1015
1010
1030
1030
1045
1025
1025
1030
1025
1040
1025
1722
1036
910
1134
1106
1106
1022
924
910
896
980
1134
924
910
910
910
910
910
910
910
910
910
924
910
924
910
924
910
910
910
910
910
910
896
896
910
910
896
910
924
924
910
910
910
910
910
924
910
910
910
924
910
924
910
924
910
924
924
924
910
910
924
910
924
924
924
924
924
910
910
910
910
910
910
910
896
910
910
910
910
910
910
910
910
910
910
910
910
910
910
910
910
910
910
910
910
910
910
910
910
910
910
910
910
910
910
910
910
910
896
910
910
910
910
910
910
910
910
910
910
910
910
910
910
910
896
910
910
910
910
910
910
910
910
910
910
910
910
910
910
910
910
910
910
910
910
910
910
910
910
910
910
910
1064
910
924
910
910
910
910
910
910
910
924
910
966
910
924
910
910
910
910
910
924
910
910
924
924
910
924
924
910
910
924
910
910
910
910
910
910
924
910
910
924
910
910
994
1078
1050
1092
1022
1092
1050
1134
1078
1008
1120
1064
924
910
910
896
910
910
910
910
910
910
910
910
910
910
910
910
910
910
910
910
910
896
910
910
910
910
910
910
910
896
924
910
910
910
1120
910
910
910
910
910
910
910
910
910
910
896
910
910
910
910
910
896
910
896
910
910
910
910
910
910
910
910
910
910
910
910
910
910
910
910
910
910
910
910
910
910
910
896
910
910
910
910
910
910
910
896
910
910
910
910
924
910
910
910
910
910
910
910
910
910
910
910
910
896
910
910
910
910
910
910
910
910
910
910
910
910
910
910
910
910
910
910
924
910
910
924
910
910
910
910
924
910
910
910
910
910
910
910
910
910
910
910
910
910
910
910
896
910
910
910
910
910
910
910
910
896
910
896
910
910
910
910
910
910
910
910
910
910
910
910
910
910
910
910
910
1732
1278
1137
1137
1138
1120
1137
1138
1120
1138
1138
1138
1137
1137
1137
1120
1138
1277
1155
1138
1137
1137
1137
1138
1155
1137
1155
1137
1137
1137
1137
1138
1137
1138
1138
1030
1015
1010
1010
1025
1230
1075
1105
1025
1010
1010
1015
1025
1030
1245
1010
1010
1015
1015
1010
995
1010
1010
1015
1010
1010
1010
995
1010
1025
1010
1025
1010
1015
1025
1000
1010
1015
1010
995
1015
1015
1015
1010
1010
1010
1025
1010
1010
1010
1025
1010
1010
1015
1015
1010
995
1015
995
1015
1010
1185
1015
1010
1010
1025
1025
1010
1025
1025
1010
1010
1025
1010
1015
1010
1010
1010
1025
1010
1945
1010
1025
995
1030
1010
1015
1025
1015
1030
1025
1010
1010
1010
1025
1030
1010
1025
1010
1015
1025
1010
1015
1015
1010
1025
1015
1010
1010
1140
1010
1010
1010
1010
1010
995
1025
1010
1015
1260
1030
1010
1010
1010
1025
1015
995
1010
1010
1025
1010
1010
1010
995
1010
1025
1025
1010
1010
995
1015
1025
1010
1025
1015
1010
1010
1010
1010
1010
1025
1010
1010
1010
1010
995
1010
1015
1030
1010
1015
1030
1010
1010
1010
1010
995
1010
1010
1010
1010
1010
1010
995
1010
995
1010
1010
1010
1015
1010
1015
1015
1010
1010
1010
1010
1010
1010
1010
1010
1010
1015
1015
995
995
1010
1010
1010
1015
1000
1010
1015
1010
1010
1010
1015
1010
1010
1010
1010
995
1010
1010
1010
1015
995
1010
1015
1015
1010
1015
1010
1010
1015
1010
1015
995
1010
1010
1010
1015
1000
1010
1010
1010
1015
1010
1015
995
1010
1010
1015
1010
1010
1015
1010
1015
1010
1025
1030
1010
1010
1025
1010
1030
1010
1015
1010
1075
1015
1010
1025
1025
1015
1015
1025
1015
1010
1010
1015
1010
1015
1025
1015
1025
1025
1010
1010
1025
1025
1015
1015
1025
1030
1015
1015
1010
1025
1025
1025
1030
1010
1030
1025
1030
1025
1025
1030
1010
1010
1010
1030
1010
1025
1015
1015
1030
1010
1010
1015
1025
1010
1010
1010
1030
1025
1010
1015
1010
1010
1015
1025
1015
1025
1015
1010
1030
1105
1015
1010
1010
1030
1010
1010
1030
1030
1030
1010
1010
1025
1010
1010
1010
1015
1010
1030
1010
1025
1030
1015
1010
995
1015
1010
1015
1010
1025
1010
1010
1010
1010
1010
1010
1010
1015
1010
1015
1010
1025
1025
1030
1015
1010
1010
1025
1030
1015
1025
1010
1025
1015
1010
1025
1030
1025
1010
1010
1010
1030
1010
1025
1015
1010
1015
1010
1010
1010
1030
1010
1010
1010
1030
1015
1015
1030
1030
1025
1010
1030
1030
1010
1010
1015
1010
1015
1415
1090
1010
1215
1025
1015
1025
1025
1055
1040
1010
1025
1045
1010
1060
1025
1010
1010
1040
1025
1010
1025
1045
1040
1025
1040
1025
1010
1045
1040
1015
1030
1060
1025
1025
1010
1030
1030
1010
1010
1010
1025
1040
1015
1025
1010
1025
1010
1055
1045
1030
1025
1025
1010
1025
1025
1030
1025
1040
1030
1010
1045
1010
1030
1025
1010
1025
1030
1025
1025
1030
1045
1015
1040
1045
1030
1060
1030
1025
1010
1025
1025
1010
1010
1030
1025
1040
1045
1010
1025
1015
1025
1025
1070
1030
1025
1025
1015
2170
1138
1155
1137
1138
1155
1348
1138
1155
1155
1155
1172
1155
1172
1138
1155
1155
1138
1155
1172
1155
1155
1173
1190
1138
1120
1155
1138
1173
1138
1137
1155
1155
1138
1173
1155
1155
1120
1137
1155
1155
1155
1138
1155
1155
1155
1155
1172
1155
1137
1155
1138
1173
1155
1155
1155
1155
1138
1138
1137
1137
1137
1137
1138
1155
1137
1137
1155
1138
1137
1137
1137
1138
1137
1137
1137
1155
1138
1155
1137
1155
1137
1155
1155
1138
1138
1138
1137
1137
1120
1137
1155
1138
1155
1137
1138
1155
1120
1155
1137
1138
1137
1155
1137
1138
1120
1138
1137
1138
1137
1137
1137
1137
1260
1155
1138
1138
1155
1138
1137
1138
1138
1120
1137
1137
1137
1138
1137
1137
1120
1137
1137
1137
1137
1138
1138
1137
1137
1138
1137
1137
1138
1138
1137
1138
1120
1138
1138
1137
1138
1155
1138
1138
1137
1137
1138
1137
1137
1155
1137
1137
1138
1138
1155
1138
1137
1138
1155
1138
1137
1138
1138
1138
1138
1137
1138
1155
1120
1137
1138
1155
1137
1138
1138
1138
1120
1138
1138
1137
1137
1138
1138
1138
1137
1138
1138
1155
1138
1137
1155
1138
1138
1155
1137
1137
1137
1155
1137
1137
1138
1137
1137
1137
1137
1155
1137
1138
1137
1138
1138
1155
1137
1137
1138
1137
1138
1137
1138
1383
1173
1120
1138
1138
1137
1155
1155
1155
1138
1137
1137
1137
1138
1155
1155
1138
1138
1137
1138
1137
1137
1137
1400
1137
1155
1155
1138
1138
1173
1155
1155
1190
1137
1173
1190
1173
1120
1155
1155
1137
1138
1155
1155
1138
1138
1138
1155
1138
1137
1155
1137
1138
1138
1137
1138
1155
1137
1137
1155
1138
1120
1155
1138
1155
1138
1120
1155
1138
1155
1137
1155
1155
1137
1137
1138
1155
1155
1137
1138
1138
1138
1137
1155
1155
1243
1137
1137
1155
1138
1137
1138
1137
1155
1155
1155
1138
1155
1137
1155
1733
1260
1260
1137
1155
1155
1155
1137
1138
1138
1120
1138
1138
1137
1138
1137
1382
1138
1155
1137
1155
1155
1137
1137
1155
1138
1155
1138
1138
1138
1137
1138
1137
1138
1138
1137
1137
1155
1138
1802
1208
1278
1558
1155
1138
1383
1138
1138
1155
1137
1137
1138
1383
1137
1155
1173
1155
1138
1172
1348
1155
1138
1155
1138
1137
1155
1138
1137
1138
1172
1138
1138
1155
1138
1138
1295
1137
1137
1155
1138
1137
1138
1138
1155
1138
1155
1155
1138
1452
1155
1137
1138
1138
1137
1138
1155
1155
1137
1155
1138
1138
1138
1138
1137
1137
1137
1155
1155
1138
1138
1137
1295
1137
1155
1137
1137
1155
1138
1137
1137
1155
1138
1137
1155
1138
1138
1138
1137
1137
1120
1295
1137
1155
1120
1137
1645
1155
1155
1137
1155
1155
1155
1137
1138
1155
1137
1155
1155
1138
1138
1155
1138
1155
1138
1155
1138
1155
1138
1138
1138
1137
1138
1155
1137
1138
1138
1155
1155
1155
1137
1155
1137
1138
1155
1155
1138
1155
1138
1137
1138
1137
1138
1137
1330
1522
1138
1155
1138
1155
1155
1137
1155
1138
1138
1137
1138
1138
1138
1138
1138
1137
1138
1138
1137
1138
1137
1137
1155
1137
1137
1138
1138
1138
1137
1137
1137
1138
1137
1138
1137
1137
1382
1137
1138
1190
1138
1190
1120
1138
1137
1138
1155
1137
1138
1137
1120
1137
1137
1137
1138
1138
1138
1137
1137
1138
1137
1137
1137
1155
1137
1137
1137
1137
1138
1137
1138
1138
1137
1137
1120
1137
1137
1155
1137
1138
1138
1138
1137
1138
1383
1137
1138
1155
1155
1138
1137
1155
1155
1155
1137
1155
1383
1540
1172
1715
1173
1155
1155
1155
1138
1155
1138
1173
1155
1155
1155
1137
1137
1155
1137
1155
1190
1173
1155
1155
1137
1138
1137
1155
1155
1155
1155
1155
1155
1155
1137
1155
1172
1137
1138
1137
1155
1155
1137
1155
1155
1120
1137
1138
1155
1155
1137
1138
1137
1155
1138
1155
1138
1138
1137
1155
1172
1155
1137
1137
1155
1137
1155
1155
1138
1173
1155
1137
1155
1190
1418
1137
1172
1173
1137
1138
1137
1138
1138
1137
1137
1138
1138
1137
1137
1138
1138
1138
1138
1155
1137
1137
1137
1138
1120
1138
1137
1138
1138
1137
1137
1138
1138
1137
1138
1155
1137
1138
1138
1138
1138
1155
1138
1155
1137
1137
1137
1138
1138
1155
1155
1138
1155
1155
1155
1138
1138
1137
1172
1138
1137
1155
1138
1138
1138
1138
1138
1172
1155
1190
1155
1137
1155
1138
1173
1155
1155
1138
1155
1155
1172
1137
1155
1155
1172
1137
1155
1173
1138
1137
1137
1155
1138
1138
1137
1138
1137
1155
1155
1155
1137
1138
1155
1137
1138
1172
1155
1172
1155
1155
1155
1155
1138
1137
1155
1312
1470
1435
1505
1452
1418
1400
1487
1505
1418
1383
1505
1435
1435
1418
1452
1470
1417
1470
1453
1400
1400
1435
1435
1452
1452
1470
1400
1418
1488
1418
1435
1470
1488
1470
1488
1452
1435
1417
1365
1400
1452
1417
1400
1418
1453
1435
1383
1400
1435
1400
1435
1382
1418
1435
1435
1435
1435
1435
1330
1400
1365
1418
1435
1365
1365
1435
1348
1400
1435
1418
1417
1417
1365
1435
1435
1365
1470
1505
1488
1400
1435
1400
1382
1435
1400
1400
1453
1400
1435
1417
1400
1365
1365
1417
1470
1450
1260
1305
1260
1275
1260
1260
1335
1225
1290
1290
1260
1290
1310
1210
1335
1260
1245
1305
1310
1230
1245
1245
1245
1290
1260
1290
1290
1805
1120
1010
1010
1025
2890
1010
1245
1025
1010
1025
1010
1030
1030
1025
1010
1030
1015
1030
1040
1040
1025
1010
1045
1025
1010
1030
1040
1010
1030
1040
1010
1025
1030
1025
1030
1030
1030
1025
1030
1245
1010
1010
1015
1025
1030
1015
1010
1025
1025
1010
1010
1010
1030
1010
1010
1010
1010
1030
1010
1010
1015
1010
1015
1010
1010
1010
1010
1010
1010
1010
1010
1010
1010
1025
1040
1010
1010
1010
1015
1010
995
1010
1010
1015
1010
1030
1010
1010
1010
1245
1030
1015
1030
1030
1010
1010
1010
1030
1045
1030
1015
1015
1025
1025
1010
1025
1015
1010
1010
1015
1025
1025
1025
1015
1030
1025
1030
1045
1015
1040
1040
1015
1010
1045
1025
1010
1025
1030
1025
1030
1025
1010
1030
1010
1045
1025
1105
1010
1030
1025
1025
1025
1025
1010
1010
1010
1030
1040
1045
1025
1010
1025
1010
1040
1060
1010
1010
1025
1010
1025
1010
1010
1010
1030
1025
1245
1045
1025
1010
1025
1015
1025
1045
1040
1040
1025
1000
1030
1015
1010
1015
1060
1025
1025
1030
1030
1030
1045
1030
1025
1010
1025
1025
1025
1025
1045
1040
1025
1030
1045
1025
1040
1040
1045
1025
1025
1010
1010
1025
1025
1030
1025
1025
1040
1010
1030
1010
1045
1010
1045
1045
1030
1015
1025
1010
1025
1010
1185
1025
1010
1010
1015
995
1010
995
1015
1010
1010
1010
1010
995
1010
1010
1010
1010
1010
1010
1010
995
1010
1015
1010
1010
1010
1010
1010
1010
1010
1010
1015
1010
1010
1010
1010
995
1010
1010
1015
1010
1025
995
995
1015
1015
1010
1010
1010
1010
1010
1025
1120
1340
1015
1030
1030
1025
1030
1030
1025
1010
1025
1015
1010
1015
1010
1010
1010
1010
1030
1025
1010
1025
1030
1010
1010
1025
1025
1025
1030
1025
1025
1025
1010
1025
1025
1030
1015
1030
1025
1030
1010
1025
1025
1025
1030
1025
1015
1010
995
1030
1055
1025
1030
1010
1030
1025
1010
1025
1025
1030
1010
1025
1030
1030
1010
1025
1025
1025
1010
1025
1025
1030
1025
1030
1025
1010
1010
1010
1025
1030
1025
1030
1030
1245
1025
1010
1025
1010
1010
1025
1010
1030
980
995
1010
1010
1010
3030
1025
1010
1025
1010
1010
1010
1015
1010
1010
1025
1010
1030
1025
1010
1010
1010
995
1010
1010
1010
1010
1010
995
1010
1010
1010
1010
1010
1025
1010
1025
1010
1010
1010
1010
1010
1010
1010
1010
1015
1015
1010
1010
1010
1010
1030
1010
1025
1090
1525
1015
1010
1025
1025
1040
1010
1015
1015
1010
1015
1010
1010
1010
1010
1010
1010
1010
1010
1010
1010
1010
1015
995
1010
1015
1015
1010
1010
995
1010
1010
1015
1010
1015
1030
1025
1010
1010
1010
1010
1010
1010
1015
1010
1025
1025
1015
1025
1010
1010
1045
1025
995
1040
1015
1025
1030
1025
1015
1040
1010
1010
1025
1025
1010
1030
1000
1010
1010
1030
1030
1030
1030
1010
1025
1025
1025
1010
1025
1010
1025
1010
1010
1045
1010
1010
1010
1025
1010
1025
1040
1025
1045
1015
1010
1010
1040
1055
1040
1015
1025
1030
1025
1025
1040
1010
1015
1010
1010
1040
1010
1015
1030
1015
1010
1010
1025
1010
1010
1030
1010
1040
1010
1025
1030
1025
1040
1555
1025
1010
1025
1025
1010
1025
1030
1025
1010
1015
1025
1025
1015
1030
1010
1015
1025
1010
1045
1025
1030
1030
1010
1010
1025
1025
1015
1015
1045
1045
1010
1045
1015
1045
1015
1030
1010
1010
1010
1010
1045
1040
1040
1025
1010
1030
1045
1045
1010
1030
1045
1030
1040
1010
1025
1025
1025
1010
1010
1025
1010
1025
1010
1010
1015
1015
1010
1025
1010
1025
1060
1010
1025
1010
1030
1010
1030
1040
1040
1025
1010
1010
1030
1025
1010
1010
1010
1010
1030
1025
1025
1010
1105
1025
1025
1040
1010
1010
1025
1025
1010
1025
1030
1010
1045
1015
1010
1030
1010
1015
1010
1010
1030
1060
1010
1025
1025
1030
1045
1025
1060
1015
1025
1010
1010
1010
1030
1015
1010
1010
1030
1010
1010
1015
1010
1025
1040
1030
1010
1025
1010
1025
1030
1055
1010
1045
1010
1025
1010
1010
1040
1010
1025
1010
1015
1010
1025
1010
1025
1030
1010
1025
1025
1060
1030
1040
1010
1045
1010
1030
1025
1015
1030
1025
1075
1010
1030
1025
1025
1045
1010
1045
1045
1025
1010
1045
1025
1015
1030
1040
1030
1040
1025
1025
1030
1025
1015
1015
1010
1025
1010
1025
1025
1025
1045
1055
1010
1030
1030
1025
1025
1030
1010
1030
1030
1015
1010
1030
910
924
896
910
924
910
910
910
910
910
910
910
910
910
924
910
910
910
896
910
910
910
924
910
910
910
896
896
910
910
910
910
910
910
910
910
910
910
910
910
910
910
896
910
910
924
924
910
910
910
910
910
910
910
910
910
910
910
910
910
910
910
910
910
910
910
896
910
910
910
910
910
910
910
910
910
910
910
910
910
910
910
910
910
910
910
910
910
924
910
910
910
910
910
910
910
910
910
910
910
910
910
910
910
910
910
910
910
910
910
910
924
910
910
910
910
910
910
910
910
910
910
910
910
910
910
910
924
924
910
1652
1008
1232
1176
924
924
938
924
910
938
924
1092
938
910
910
924
910
924
910
924
924
938
924
924
910
1092
910
910
924
924
924
938
910
910
910
924
924
938
910
924
910
924
910
924
938
924
924
924
910
924
910
938
924
924
924
924
938
910
938
924
938
924
910
938
910
910
924
910
910
910
924
924
924
924
924
924
910
910
924
924
924
910
910
924
924
924
910
924
924
924
1106
924
924
938
924
924
910
924
924
924
924
910
910
924
910
924
910
924
924
924
924
924
910
910
910
924
910
924
924
924
910
924
924
924
938
924
910
910
910
910
924
924
924
910
924
910
910
910
924
924
910
910
938
924
910
1064
910
938
924
910
910
910
910
924
924
910
924
938
910
924
924
938
938
952
910
924
938
924
924
924
924
924
924
910
924
938
910
924
924
924
924
924
924
910
910
924
924
924
924
910
924
924
924
924
910
924
910
924
924
924
910
924
924
924
924
924
910
924
910
924
924
1078
924
924
924
924
910
910
924
910
924
938
910
910
910
924
924
924
924
924
924
924
924
924
924
924
1106
910
910
910
910
910
910
910
910
924
924
924
910
924
924
924
924
910
938
910
1414
910
910
938
910
924
938
910
924
924
910
924
910
924
1134
910
910
910
910
924
910
910
938
910
910
924
952
924
924
952
924
924
924
924
924
938
910
910
1036
1078
910
910
924
924
938
924
910
938
910
910
924
924
938
938
910
924
910
924
1120
1092
1092
924
910
1120
1092
1106
1134
1092
1134
1148
1106
1120
1134
1008
896
910
910
910
910
910
910
910
910
924
910
910
910
910
910
910
910
910
910
910
910
910
910
910
910
910
910
910
910
910
910
910
910
910
910
910
910
910
910
910
910
924
910
924
910
910
1036
910
910
910
910
910
910
910
910
924
910
910
910
924
910
910
910
924
910
910
910
910
910
910
910
910
910
910
910
924
910
910
910
910
910
910
910
910
910
910
910
910
910
924
910
924
1092
910
910
910
910
910
910
910
910
910
910
910
924
910
924
924
924
910
1022
924
910
924
910
924
924
924
910
910
910
910
924
924
924
910
910
924
910
910
924
924
924
924
910
924
910
924
924
924
924
910
910
910
924
924
924
924
1022
924
910
910
924
910
924
910
910
910
924
924
924
924
910
924
924
910
924
924
924
924
924
924
910
910
924
924
924
924
910
924
910
924
924
910
924
910
910
910
924
924
924
910
910
910
924
924
924
910
910
910
DecryptTime::  Mean: 804 Median: 910 90th: 1138 95th: 1245 99th: 1453 99.9th: 1802 Min: 320 Max: 40180 Count: 10000
