5070
1170
1150
1765
1810
1835
1825
1810
1830
1845
1850
1755
1910
1905
1820
1060
1860
1920
1835
1785
1885
1915
1895
1730
1135
1090
1090
1040
1095
1095
1095
1045
1095
1090
1105
1050
1095
1080
1090
1035
1090
1095
1090
1045
1085
1095
2010
2425
1095
1840
1100
2705
1090
1105
1925
2735
1100
1880
1905
1065
1080
1100
1080
1045
1085
1070
1905
1060
1100
1070
1085
1035
1085
1075
1100
1045
1915
1105
1095
1060
1095
1985
1860
1040
1090
1860
1065
1055
1085
1930
1075
1040
1075
2825
1080
1050
1090
1080
1085
1050
1085
1095
1075
2820
1915
1085
1070
1040
1075
1895
2070
1040
1095
1085
1075
1030
1890
1095
1075
1050
1100
1910
2010
1030
1085
1080
1085
2870
1070
1090
1090
1040
1925
1100
1090
1035
1090
1065
1105
1035
1090
1080
1095
1030
2840
1100
1090
1040
1095
1105
2800
1055
1090
1095
1090
1045
1915
1065
1095
1050
1090
2805
1855
1060
1085
1095
1100
1065
1935
1275
1075
1030
1085
1095
1100
1775
1095
1095
1085
1050
2790
1120
1080
1050
1075
1085
2815
1755
1105
1095
1090
2840
1070
1080
1075
1050
1085
2870
1075
1050
1095
1075
1875
1045
1090
1100
1090
1050
1850
1095
1095
1050
1095
1070
1090
1050
1080
1090
1090
1035
1095
1080
1075
1050
1085
1080
1095
1035
1090
1090
1090
1045
1085
1095
1085
1050
1075
1080
1090
1050
1080
1095
1075
1050
1070
1095
1090
1035
1085
1080
1090
1045
1095
1095
1095
1035
1085
1105
1080
1035
1090
1870
1825
1775
1850
1885
1845
1740
1915
1885
1865
1815
1860
1835
1880
1755
2950
1905
1850
1790
1840
1860
1920
1825
1870
1935
1895
1775
1865
1090
1105
1045
1075
1080
1095
1035
1095
1095
1080
1035
1095
1070
1085
1035
1095
1075
1090
1045
1095
1090
1085
1855
1095
1080
1075
2370
1075
1090
1095
1030
1090
1870
1730
970
995
1010
1005
970
1010
995
1010
970
1010
1010
1005
970
1735
1175
1010
965
1005
1005
1005
1725
1025
1010
1005
960
1005
1785
1015
980
1005
1010
1805
985
1005
1005
1015
965
1050
1020
1005
960
2570
1180
1015
965
1010
1010
1780
965
1000
1010
1005
965
2580
1015
1010
970
1005
1020
1780
965
1005
1010
1015
1710
1015
1010
1010
980
1010
1020
1740
975
995
1005
1010
975
1820
1025
1010
965
1010
1010
1010
965
1005
1010
990
960
1005
995
1000
965
1000
1000
1005
960
1005
1000
1015
960
1005
1015
1000
960
1015
1020
1005
970
1005
1015
1005
960
1015
1000
1005
965
1005
1025
1000
960
1025
1010
1005
960
1000
1000
1015
960
1010
1010
1010
965
1010
1010
1005
960
1005
1010
1010
960
1015
1010
1010
975
1005
1005
1005
965
995
1015
1010
970
1005
1020
1005
970
1010
1005
1010
960
1010
1010
1010
965
1000
1015
995
970
1010
1005
1010
965
1010
1000
1010
960
1000
1010
1015
965
990
1005
1005
965
1010
1010
1010
960
1025
1030
1015
975
1005
1015
1005
965
1010
1010
1025
965
1005
1010
1000
965
1000
1010
1015
965
1015
1010
1010
965
1010
1020
1010
965
1010
1010
1005
975
1000
1000
1000
965
1010
1005
1000
960
1005
1005
1010
955
1005
1010
1005
965
1015
1005
1015
980
1010
1000
1000
965
1015
1010
1010
965
1000
1010
1010
955
1005
1005
1005
965
1005
1010
1000
965
995
1000
1005
960
1010
1010
1005
965
1010
1010
1010
965
1005
1005
1005
965
1020
1005
1020
960
1010
1010
1015
965
995
1010
1015
960
995
1020
1010
960
1005
1005
1005
965
1000
1005
1010
2565
1915
1715
1840
1600
1725
1720
1775
1155
1000
1010
1015
970
1010
1010
1020
975
1005
1010
1005
980
1005
1000
1005
980
1010
1005
1005
970
1000
1010
1010
965
1005
1000
1000
960
1010
1010
1010
980
1005
1000
1010
965
1010
1010
1000
965
1010
1010
1005
975
1005
1005
1015
960
1010
1005
1010
960
1005
1010
1010
965
1010
1005
1015
960
1000
1025
1015
965
1005
1015
1000
965
1005
1010
1010
960
1010
1015
1005
1770
1010
995
1010
970
1005
1000
995
975
1015
1005
1005
965
1005
1005
1015
975
1000
1010
1005
975
1005
1010
1010
975
1005
1005
1005
965
1000
1000
995
980
1010
1000
1005
970
1010
995
1005
975
1010
1000
1005
970
1010
1010
1010
965
1010
1005
1005
960
1015
1005
1000
970
1010
1010
1005
960
1010
1000
1000
975
1005
1010
1020
965
1015
1005
1010
965
1010
1005
1020
955
1010
1010
1005
960
1010
1005
1005
975
1010
1000
1010
965
995
1005
1010
970
1010
1005
1000
965
1790
1000
1005
980
1005
1015
1800
985
1005
1005
1000
1655
1000
990
1020
2550
1700
1005
1015
970
1710
1690
1005
980
1005
1005
1010
1670
1015
1015
1010
965
1010
1780
1180
960
1000
1015
1015
2545
1010
1000
1005
965
1835
2000
1020
955
1000
1000
1780
970
1010
1015
1005
960
2585
1020
990
955
1000
1010
1780
970
1010
1005
1015
1700
1015
1005
1010
970
1010
1010
1005
970
1015
1620
2210
965
1005
1010
1010
965
1760
1180
1005
960
1005
2625
1020
960
1010
1000
1020
1705
1020
1000
1010
965
1945
1015
1010
965
1000
1780
1025
960
1005
1005
1155
925
1720
975
970
925
970
965
975
1650
970
970
965
930
965
1705
970
935
965
975
2565
930
955
960
975
930
1735
985
985
925
970
975
1735
940
975
975
975
1620
970
975
970
930
970
970
965
925
975
970
970
1650
970
960
970
935
1705
980
970
930
965
970
1730
1535
970
980
975
1540
1135
975
975
935
980
1670
970
940
970
975
1755
940
980
965
980
1845
1675
970
965
935
965
2520
975
940
970
970
970
1650
970
970
965
925
1730
975
980
930
975
970
2490
930
975
975
960
1630
975
980
980
2380
985
960
965
930
965
970
975
925
980
975
965
930
980
975
975
930
980
960
970
945
975
965
965
930
965
970
975
940
975
965
975
925
970
965
985
935
960
965
970
930
970
980
970
930
965
970
975
930
970
965
975
920
970
970
975
925
975
975
975
935
975
965
970
925
965
970
975
930
975
970
970
930
975
975
965
930
970
965
980
930
965
965
970
940
980
960
965
925
975
975
970
935
970
970
965
935
975
965
970
940
975
975
965
940
970
985
965
940
975
985
985
935
970
970
975
925
965
965
970
925
965
985
965
925
975
965
970
940
965
965
965
935
975
980
975
925
960
970
1715
945
970
975
970
935
975
975
970
930
975
975
975
925
970
975
980
940
975
980
970
930
975
980
970
925
965
975
980
925
970
970
970
940
970
975
970
950
970
970
965
945
975
975
970
925
965
975
965
935
980
975
970
930
965
970
965
925
970
980
975
930
975
970
970
935
970
975
970
925
970
980
980
935
975
965
975
930
965
970
970
925
965
975
970
930
970
980
975
930
965
970
955
945
975
975
970
935
970
955
970
935
960
965
970
925
970
980
965
925
970
975
970
935
965
975
970
930
965
965
965
925
970
965
975
930
965
980
975
945
975
975
965
935
975
975
975
930
960
965
970
930
965
965
975
925
965
965
970
930
965
970
965
930
970
970
975
935
970
970
975
945
965
960
975
925
970
970
965
930
965
975
965
925
980
970
970
935
970
970
965
935
980
965
970
930
970
970
965
930
975
975
965
945
970
965
965
945
965
970
965
925
970
975
970
930
970
965
965
930
970
965
965
930
970
955
970
930
975
975
965
945
970
970
960
930
975
970
960
925
975
975
975
945
970
970
970
930
970
975
965
935
985
960
965
935
965
965
970
935
965
975
955
945
960
965
965
940
975
960
975
920
965
970
975
935
965
980
975
930
975
970
975
930
970
970
975
930
970
960
970
945
970
965
975
945
975
960
975
930
965
975
970
940
965
965
965
930
975
975
965
930
975
955
975
930
965
980
975
930
985
975
970
925
960
975
965
935
980
975
960
925
965
975
975
930
965
975
980
925
970
965
970
925
970
970
970
935
965
975
970
925
980
980
970
935
980
970
975
925
980
975
970
935
985
960
970
930
985
975
970
930
975
970
965
925
975
965
965
925
970
970
1108
888
912
920
940
892
916
952
924
908
928
948
948
912
920
940
928
912
948
948
916
912
940
940
944
884
920
940
952
896
944
944
948
892
916
940
948
908
924
944
920
916
948
948
948
908
916
944
920
912
940
952
948
912
920
944
916
912
956
940
948
908
924
940
924
912
944
940
924
924
944
940
924
924
924
948
924
908
944
940
940
884
936
948
920
888
948
920
944
884
940
948
948
884
944
924
940
888
920
916
940
900
912
944
948
888
916
916
948
884
924
952
940
884
920
924
940
884
924
952
944
888
944
920
952
884
944
924
940
892
948
940
940
892
948
916
940
884
944
936
940
888
940
952
952
892
940
940
944
884
944
924
944
920
948
948
940
892
920
940
924
884
920
920
936
888
924
948
916
888
924
924
940
892
944
952
940
888
944
948
940
884
948
920
944
884
948
944
948
888
944
924
940
888
940
944
944
924
952
952
944
908
944
952
948
916
920
940
932
924
920
920
936
884
920
948
924
900
916
920
932
896
916
940
948
900
920
916
948
888
920
944
940
888
916
916
948
884
916
948
944
884
924
948
944
912
920
948
928
912
944
952
916
908
944
944
940
908
956
940
940
888
952
924
944
888
948
948
944
888
944
924
944
884
944
920
948
892
912
944
944
888
920
948
948
892
924
948
920
912
920
948
924
916
940
948
944
888
948
948
944
924
940
920
940
928
944
952
924
912
948
916
944
888
948
940
944
904
944
928
944
892
940
920
940
888
920
952
944
888
920
948
944
888
920
940
920
912
948
944
944
908
948
944
924
908
944
948
920
912
948
944
952
888
944
944
940
884
948
924
948
884
912
944
944
912
920
936
924
912
948
940
924
912
952
940
948
912
952
952
920
912
944
956
944
912
940
948
948
888
948
920
948
888
944
920
952
888
920
948
944
888
920
956
944
888
924
940
916
912
944
944
916
908
944
948
940
924
944
944
928
916
940
916
936
888
944
920
944
888
944
916
944
892
956
916
940
900
912
940
948
908
916
952
916
908
948
948
944
916
944
952
924
908
944
916
944
888
944
948
948
888
952
916
948
888
948
924
940
888
948
916
948
892
948
928
944
892
944
940
944
888
924
940
944
912
944
944
920
912
948
952
924
912
944
948
952
888
944
952
916
884
944
920
940
884
956
916
940
888
952
1104
932
912
948
944
944
908
944
940
920
908
940
940
948
912
920
948
940
916
920
940
920
908
916
948
932
888
916
944
924
888
924
916
948
884
920
952
944
884
940
916
944
900
944
916
940
884
944
948
952
916
944
916
940
912
940
944
924
912
940
948
944
912
948
948
940
924
916
940
924
912
940
940
944
912
940
944
924
908
948
948
920
928
920
948
916
912
944
944
944
908
956
940
916
924
928
944
944
908
940
944
920
916
940
940
920
888
940
908
944
892
952
916
952
884
936
944
944
888
920
944
948
884
928
940
928
912
916
920
944
884
940
924
940
888
944
944
940
920
924
944
916
924
912
948
924
886
906
906
898
874
910
902
910
860
906
910
906
882
918
906
898
874
906
902
902
868
910
918
906
874
906
906
928
886
906
910
906
870
910
896
896
882
910
906
906
870
902
914
896
870
906
902
906
864
902
906
902
864
902
896
910
872
910
910
906
864
902
906
906
878
910
918
910
860
902
910
902
864
910
906
902
864
910
918
906
860
914
906
910
876
902
902
906
860
918
906
894
864
910
906
910
860
902
906
910
872
910
906
910
864
906
906
914
870
918
902
902
860
910
906
910
864
906
898
906
882
906
906
910
876
906
910
906
860
914
910
910
874
910
902
906
864
894
918
902
874
892
910
906
860
910
910
906
864
906
906
910
870
910
910
906
860
898
906
906
878
910
906
906
874
906
902
902
874
910
896
910
860
906
910
910
864
910
902
906
878
902
918
898
864
910
906
906
882
906
902
906
864
906
918
910
872
914
902
902
864
906
910
906
860
910
914
910
874
918
902
906
882
896
910
906
874
910
910
910
868
910
898
910
874
906
906
910
874
906
906
906
864
910
902
910
874
892
910
906
882
910
910
906
864
902
906
906
870
892
906
906
860
910
924
910
860
910
910
910
878
906
910
902
882
902
906
906
868
906
914
910
864
902
902
914
874
906
902
906
864
910
906
910
874
918
906
902
864
902
918
902
870
910
902
910
874
906
906
906
868
910
906
910
878
906
914
906
874
910
918
918
874
910
906
910
860
910
906
898
874
892
892
910
860
898
910
906
874
906
902
910
864
902
910
910
874
896
892
906
872
906
906
906
870
910
910
906
874
910
906
902
868
910
918
906
874
906
902
910
874
902
906
914
864
910
906
906
876
910
906
902
874
896
902
906
872
906
906
902
860
910
910
902
878
906
902
906
872
902
896
906
876
906
918
910
874
910
906
902
878
906
906
902
860
902
902
910
860
910
906
906
872
910
902
910
874
906
892
906
860
918
910
902
864
906
906
910
886
892
906
910
874
910
906
906
872
910
902
910
874
892
910
906
864
910
892
910
868
906
918
906
860
902
914
910
874
928
902
906
872
906
910
906
864
910
910
910
868
910
898
910
874
906
906
910
860
918
906
906
874
918
902
918
874
906
906
906
864
902
918
910
878
906
902
910
874
896
896
896
860
906
910
906
864
906
910
906
860
902
906
910
874
910
896
892
860
906
906
910
874
906
898
902
864
910
910
906
886
906
902
910
886
898
910
910
864
906
906
906
864
902
910
906
864
910
910
906
876
906
902
906
874
910
902
910
864
902
928
902
886
910
906
906
860
902
906
906
876
914
906
906
882
910
892
892
874
902
906
906
874
906
906
906
874
892
918
910
886
906
902
906
864
910
902
898
876
910
910
906
874
906
906
902
864
918
896
910
860
910
918
906
870
910
910
906
876
902
914
906
864
906
910
906
864
906
914
902
872
902
910
902
874
914
910
906
868
906
910
906
870
902
910
896
868
910
906
910
874
892
906
928
876
910
910
892
872
910
910
902
874
906
914
906
860
906
902
906
870
896
910
906
864
950
848
844
820
851
851
848
813
852
844
855
809
844
848
852
817
836
847
844
809
848
852
844
809
848
848
844
821
848
856
852
820
852
851
848
809
851
848
852
809
851
848
852
813
856
848
848
809
848
852
848
813
852
856
852
813
844
848
852
817
844
852
848
825
859
859
848
821
855
848
848
809
855
852
852
813
844
844
855
813
851
848
852
809
852
851
852
813
848
852
851
816
855
851
844
809
852
856
852
817
844
852
844
813
848
848
847
816
855
851
852
809
848
852
855
816
855
848
848
809
848
844
848
809
852
848
851
824
848
855
855
813
863
848
848
816
844
848
844
817
844
852
855
809
852
848
840
809
855
855
848
809
848
852
851
809
848
852
852
813
848
851
848
809
852
844
844
813
848
855
840
825
852
848
852
817
852
859
847
813
855
844
863
816
855
848
848
821
844
852
852
817
844
852
855
821
844
855
848
809
860
852
851
813
852
851
852
813
848
860
844
813
844
852
848
812
855
855
848
816
851
852
848
809
848
852
852
809
852
848
851
813
855
848
852
813
840
856
848
821
848
844
851
809
860
855
840
809
844
848
855
821
848
851
852
809
848
848
844
828
844
848
852
813
848
852
844
816
855
848
852
820
844
859
863
824
855
840
855
824
851
848
852
821
851
844
844
828
852
852
855
817
852
840
852
813
848
851
852
809
863
844
848
812
848
848
852
813
851
852
848
828
852
852
844
809
848
848
852
816
851
848
852
813
848
859
855
809
852
852
848
813
852
844
848
817
848
856
844
817
852
848
852
809
851
859
851
828
848
851
848
821
844
848
848
816
844
852
852
809
848
851
852
813
848
852
852
816
844
844
848
813
852
844
855
813
844
844
852
813
860
852
859
812
844
844
852
813
844
851
848
813
844
844
852
813
848
855
848
809
852
855
855
820
848
851
848
817
855
852
852
828
851
848
860
809
851
855
844
809
848
848
848
820
851
848
848
813
848
852
847
813
848
844
848
809
852
855
851
809
848
855
852
813
844
844
851
813
848
844
851
817
852
844
855
809
848
852
848
817
848
852
847
809
848
848
848
817
852
844
855
813
851
844
859
821
855
855
848
825
851
852
848
813
852
860
852
809
848
848
848
813
848
848
844
813
863
855
855
817
848
852
847
813
848
844
855
813
852
856
844
816
852
855
848
813
847
844
844
813
855
851
848
809
855
848
848
813
844
855
852
821
863
851
848
821
852
848
844
817
852
848
851
809
848
844
848
813
863
855
848
809
844
848
851
816
848
855
848
817
852
848
848
809
852
851
848
809
848
848
848
813
844
855
855
817
848
852
851
813
851
852
848
821
848
848
851
820
856
856
852
816
852
851
848
809
851
852
848
816
844
844
852
813
848
852
848
820
844
844
844
828
855
855
852
813
848
848
851
809
852
855
840
817
852
852
848
813
852
844
851
809
848
844
855
813
844
851
848
813
844
847
852
813
851
855
848
809
852
852
855
817
848
848
851
817
855
855
852
828
851
848
860
809
848
855
844
809
848
848
848
813
851
844
848
813
844
852
851
809
848
860
852
824
848
855
844
813
848
852
855
813
844
844
848
813
848
847
848
820
855
844
852
809
848
855
848
820
851
855
844
809
848
851
848
820
855
844
852
813
848
847
856
824
852
852
848
42956
808
820
824
788
824
820
824
788
824
816
828
788
824
820
820
784
820
820
828
792
824
824
820
784
824
824
820
804
824
828
820
780
816
828
820
784
820
828
828
784
812
824
820
784
820
828
828
792
824
828
828
792
824
820
824
804
824
828
824
804
820
824
832
784
820
824
828
784
828
812
836
788
812
824
820
784
824
824
832
780
812
824
832
784
832
824
824
784
824
824
824
788
820
824
824
804
820
824
820
792
828
824
824
788
824
820
824
792
824
824
828
792
828
824
824
788
824
828
820
804
824
824
824
804
824
828
824
792
824
820
824
804
828
824
828
784
820
820
824
780
820
824
824
788
824
832
828
784
836
824
824
796
828
832
812
796
828
824
824
788
824
824
824
796
820
820
824
792
816
820
824
780
816
828
816
804
824
824
828
804
828
824
820
800
828
812
820
788
824
828
820
792
820
824
828
796
836
828
828
792
820
824
828
784
824
816
820
784
824
828
828
780
816
824
824
784
824
828
824
788
828
820
824
792
828
820
824
796
824
832
824
792
820
820
820
804
824
824
820
788
824
832
824
796
824
812
824
788
828
824
820
792
824
832
816
788
820
824
824
784
828
824
828
796
820
828
820
788
824
824
820
788
816
828
828
784
824
824
828
792
828
828
824
788
824
828
824
788
824
824
820
804
816
824
832
800
824
820
824
792
828
828
828
788
828
820
820
784
820
820
824
780
816
816
824
792
828
824
820
796
824
828
820
788
824
828
824
796
836
824
828
792
828
828
824
792
820
828
816
792
824
828
820
796
824
828
824
784
824
828
824
788
824
828
824
788
836
832
828
784
828
824
824
780
816
828
824
784
820
820
828
800
828
820
828
792
824
832
824
792
824
824
832
804
824
824
816
788
828
820
824
792
820
824
832
796
820
824
824
788
820
828
824
788
824
820
828
784
820
820
820
788
816
828
820
784
816
816
824
788
820
816
836
792
828
820
824
796
824
824
824
792
824
824
828
792
828
820
824
792
824
820
824
784
820
824
824
784
824
836
828
792
824
828
824
780
824
824
828
784
808
824
824
792
820
824
824
800
828
824
828
792
820
828
824
796
824
820
824
788
820
828
816
796
828
820
828
792
824
820
832
800
828
828
824
804
824
828
816
792
828
824
832
796
816
824
820
780
828
828
828
788
816
816
828
780
828
828
824
784
828
824
828
792
820
820
832
788
820
828
836
792
820
828
828
780
812
824
824
784
816
824
828
788
828
832
828
792
824
824
828
780
828
820
828
784
836
828
828
788
824
828
824
788
824
824
824
796
824
816
828
792
828
832
820
792
824
816
820
788
824
812
824
788
816
824
820
788
824
832
816
800
820
820
820
788
824
824
828
780
820
824
820
784
816
824
828
788
828
812
828
788
836
824
828
796
824
816
828
792
824
828
824
788
824
824
824
796
824
828
824
792
824
836
820
788
820
824
824
784
812
828
824
780
824
824
824
792
824
828
824
788
824
820
828
800
820
824
828
784
820
828
824
788
812
820
824
804
828
824
828
792
828
820
824
792
828
832
828
792
836
824
820
796
824
824
824
788
816
816
828
788
836
820
828
796
820
828
820
796
824
820
828
796
824
824
812
784
820
824
824
796
808
824
820
792
828
824
836
792
832
836
824
796
824
820
824
792
828
824
808
792
828
824
824
784
820
828
820
784
824
820
828
778
796
800
796
762
798
794
796
778
800
796
804
766
798
802
798
766
804
800
804
770
798
802
794
766
812
804
808
762
796
794
802
776
798
800
804
766
794
806
798
766
794
804
800
766
802
806
798
778
798
798
804
766
804
804
804
770
800
802
794
762
794
796
798
778
804
802
794
764
794
800
804
762
798
796
794
770
798
798
800
762
804
798
798
770
802
810
798
762
804
800
796
766
802
794
794
774
794
800
794
770
798
802
798
780
794
798
802
770
806
806
804
766
804
800
798
770
794
798
804
770
796
804
798
770
802
794
800
766
800
802
802
766
810
794
798
766
794
798
794
766
794
802
790
774
802
802
800
766
804
796
794
778
794
802
798
770
802
798
802
764
798
800
800
766
802
798
794
766
798
794
800
770
800
804
798
762
812
796
794
770
798
802
800
766
800
804
804
766
804
800
794
766
794
794
804
762
810
798
800
766
796
796
798
770
812
798
802
766
802
798
798
766
798
798
800
762
800
802
802
770
798
802
800
766
796
804
798
778
794
794
798
770
808
808
804
766
804
800
798
770
794
802
802
766
798
794
800
774
800
800
804
762
800
802
798
762
798
800
804
766
796
794
798
764
798
798
800
766
796
804
794
766
798
798
800
770
796
802
802
766
810
802
798
764
798
804
800
766
804
800
794
778
804
800
798
762
804
798
798
766
798
796
800
762
798
798
802
762
800
800
794
762
798
798
804
762
804
804
802
766
798
798
804
762
804
808
798
766
798
806
798
762
804
790
798
770
794
800
800
766
794
804
804
766
802
804
806
762
798
798
796
770
796
804
802
770
808
808
802
766
802
798
798
770
796
800
802
770
794
802
800
770
804
794
798
766
798
794
802
770
798
798
792
766
794
798
802
778
798
802
798
770
798
802
794
770
806
802
804
774
790
804
798
766
802
798
798
766
796
796
802
762
794
798
800
766
800
804
798
770
802
810
798
766
794
800
812
762
808
812
790
762
798
798
804
766
804
800
798
766
798
794
800
762
796
802
798
766
810
798
804
778
806
790
796
778
808
800
802
770
798
798
798
762
800
804
802
770
798
802
798
766
792
798
800
778
798
804
804
770
812
812
798
762
798
810
798
766
796
808
798
770
798
802
798
762
804
796
798
766
798
810
798
760
794
802
798
762
794
796
800
766
800
802
802
770
798
802
804
770
804
812
800
778
800
804
794
766
802
802
792
766
800
798
798
770
790
796
800
762
798
794
794
766
804
800
798
766
798
798
800
762
804
798
790
760
800
800
802
766
802
798
798
766
800
796
798
762
794
802
800
766
812
800
804
778
796
802
802
762
798
794
794
762
800
800
798
766
798
802
800
778
800
798
800
766
800
798
802
770
798
802
796
766
800
798
798
770
802
794
804
766
800
794
806
778
802
802
798
762
804
800
800
770
794
794
794
766
800
800
800
766
794
794
800
770
800
796
802
766
802
798
796
766
804
794
798
762
798
790
798
760
794
796
798
770
798
804
804
762
798
798
794
774
792
800
806
774
808
802
798
766
794
798
800
762
800
798
798
764
806
800
796
766
808
798
798
766
802
798
796
770
800
804
794
778
802
798
794
770
802
804
800
770
800
796
794
770
794
798
800
766
800
802
802
766
802
802
796
770
800
802
798
778
794
794
800
770
808
808
804
766
804
798
798
770
798
798
798
766
802
804
800
766
808
802
798
766
802
798
804
770
800
804
798
762
798
802
796
770
796
804
798
770
798
798
792
770
796
798
802
760
772
776
772
744
780
768
780
748
780
772
776
744
772
780
776
748
776
776
768
744
784
784
776
740
776
780
780
744
776
772
780
740
784
776
780
744
768
772
776
744
776
780
776
744
776
776
776
756
776
780
776
752
784
780
772
748
776
776
776
748
776
772
776
744
776
780
780
740
772
772
776
744
776
776
768
748
772
776
788
740
776
780
772
744
772
780
788
756
776
780
776
740
776
780
780
756
776
780
780
744
780
780
772
744
772
772
784
740
776
780
776
740
776
776
780
748
776
780
780
748
780
788
772
752
776
780
772
752
776
780
776
744
776
788
776
748
784
776
776
740
780
780
772
740
780
788
776
744
776
776
776
748
776
784
772
740
772
772
772
744
772
780
772
744
772
776
780
740
776
780
776
744
784
780
780
760
776
780
784
744
772
776
776
740
776
776
776
744
776
780
776
752
776
776
776
740
768
780
776
756
772
772
776
748
784
784
780
744
780
776
776
748
776
776
776
744
780
780
776
744
784
780
776
744
780
776
780
748
776
780
776
740
776
780
772
748
772
780
776
748
776
776
768
748
772
776
780
744
772
776
780
744
772
776
776
744
772
772
780
740
776
780
776
740
780
780
780
744
776
780
780
740
776
776
776
740
776
776
768
740
776
772
780
744
780
780
772
744
772
776
780
740
776
780
776
744
784
780
780
760
776
780
784
744
772
776
776
740
776
776
776
744
776
780
776
752
776
776
776
740
768
780
776
756
772
772
776
748
784
784
780
744
780
776
776
748
776
780
776
748
776
780
776
748
780
772
780
744
780
780
780
748
784
776
776
744
776
776
780
744
776
780
768
756
780
780
788
744
780
776
776
744
776
772
772
748
772
780
780
744
776
776
776
744
780
776
772
744
776
780
776
744
776
776
788
756
772
780
776
744
776
776
768
756
772
776
776
744
776
780
776
744
776
780
776
744
776
772
776
744
772
776
776
748
784
780
776
744
780
776
776
756
772
780
776
740
772
776
780
748
776
776
776
740
768
780
776
756
772
772
776
748
784
784
780
744
780
776
776
748
776
780
776
748
776
780
776
748
780
772
780
744
780
780
780
748
784
788
776
744
768
776
772
748
776
788
780
744
776
780
776
744
784
776
788
744
776
776
776
748
776
772
780
744
776
780
776
744
776
780
776
744
780
788
776
756
776
772
780
744
780
780
780
748
776
780
772
740
772
772
776
756
780
780
772
744
772
776
780
740
768
776
768
744
780
772
780
756
776
780
780
740
772
776
776
740
776
776
776
744
776
780
776
752
776
776
776
740
768
780
776
756
772
776
780
748
784
784
780
744
780
768
776
744
780
780
776
740
776
776
776
740
772
776
780
744
772
776
784
748
776
780
788
744
772
776
772
744
788
780
780
748
772
780
776
744
780
776
780
748
776
776
776
756
776
776
776
756
784
772
772
744
776
788
784
752
776
772
780
748
776
772
780
744
776
788
776
748
776
780
780
744
776
780
772
740
768
768
772
740
776
776
788
748
776
780
776
744
776
776
784
740
772
776
784
744
772
776
776
744
776
780
776
744
776
784
772
748
772
780
772
744
784
780
776
756
772
772
776
748
784
784
780
744
780
776
776
748
776
780
776
748
776
780
776
748
780
772
780
744
780
780
780
748
784
788
776
744
768
776
772
748
776
788
780
744
776
780
776
744
784
776
788
744
776
776
776
748
776
772
780
744
776
780
776
744
776
772
772
740
780
780
780
744
772
780
780
740
776
776
776
740
776
776
768
740
776
772
780
744
780
780
772
744
772
776
780
740
776
780
776
744
784
780
780
760
784
776
764
726
750
767
750
721
758
744
758
723
747
758
761
729
758
758
758
723
744
761
758
735
755
755
758
729
764
764
753
718
761
750
767
726
761
758
758
735
758
755
764
715
758
761
758
721
755
755
755
729
758
761
758
715
758
761
755
729
747
761
758
729
750
767
744
721
755
758
761
726
755
758
761
726
747
758
758
726
747
747
753
715
750
753
758
726
753
761
761
726
750
761
761
726
758
758
758
723
750
750
758
735
758
755
755
726
758
758
758
726
750
747
761
723
767
758
758
718
755
761
750
715
755
761
761
718
755
758
752
726
764
761
755
723
750
758
761
735
750
767
764
723
753
761
744
721
758
761
759
723
753
741
753
723
753
750
753
729
750
755
767
715
758
758
761
735
758
753
761
723
747
761
758
723
750
758
758
726
764
764
747
723
761
761
761
726
758
761
758
723
753
758
747
721
755
758
761
718
758
750
750
718
755
755
761
715
758
750
747
721
761
753
747
735
750
761
761
735
750
744
750
726
758
764
753
735
750
761
764
723
761
750
753
718
750
750
744
726
761
753
750
718
764
753
753
738
758
761
764
718
755
758
758
715
755
755
758
715
758
753
750
729
750
758
758
723
744
753
750
735
747
761
753
726
753
750
750
718
758
750
750
726
753
750
750
718
755
758
758
726
750
753
761
723
753
764
747
718
758
758
750
718
755
750
750
726
761
758
761
729
758
753
753
729
761
758
758
726
750
758
758
726
758
758
755
723
750
750
753
726
750
761
758
723
753
761
761
726
753
753
761
726
750
761
758
723
750
750
750
735
750
755
767
729
753
750
753
715
747
767
747
726
750
750
750
718
764
747
753
735
747
761
761
715
758
755
755
723
758
758
758
726
750
753
750
729
750
750
750
715
744
761
750
735
747
747
750
729
756
764
761
726
761
758
758
729
758
761
758
729
758
761
758
729
753
747
753
726
753
753
753
729
764
758
758
726
758
758
761
726
750
753
744
735
753
761
767
718
761
747
750
718
764
744
758
726
758
758
758
729
750
761
758
726
750
761
758
726
753
767
758
735
758
755
761
718
761
761
761
726
758
758
755
726
750
750
761
732
761
758
758
726
750
747
750
723
747
753
750
726
759
758
761
735
755
761
753
723
750
747
747
715
758
758
758
726
758
761
758
735
758
761
750
726
755
761
758
732
758
758
758
729
767
767
761
726
753
753
758
729
747
750
753
729
747
753
750
721
761
755
758
726
758
761
761
718
767
747
750
726
747
750
753
718
758
761
744
732
761
750
750
715
761
761
750
721
758
761
761
718
755
758
758
726
755
755
761
723
750
761
758
723
761
761
761
726
758
761
761
723
758
758
758
723
758
758
744
723
750
747
761
718
761
753
747
718
755
758
761
723
758
761
758
726
764
761
750
721
755
764
750
726
750
750
747
715
744
761
758
723
753
750
747
726
750
767
764
723
753
758
755
729
761
761
764
715
761
749
761
726
753
747
758
729
747
753
750
726
753
753
750
718
764
753
750
718
753
750
753
729
750
753
758
723
750
753
747
729
747
753
750
721
758
750
744
721
755
758
761
718
755
758
761
726
755
758
758
726
747
747
753
723
750
747
764
735
747
750
758
726
767
758
758
726
755
758
761
729
758
750
758
726
750
750
761
723
753
747
750
718
758
755
758
723
755
761
758
726
767
758
753
735
747
753
761
723
758
755
755
723
750
750
750
726
750
753
750
735
750
761
758
726
747
753
750
732
750
747
758
726
767
758
761
715
758
750
747
718
758
753
750
715
752
761
758
735
761
761
753
718
755
761
761
721
764
750
750
726
750
750
753
718
758
761
752
735
761
761
747
718
761
758
747
721
755
758
764
715
755
727
730
703
724
759
759
703
724
727
736
709
727
724
730
709
724
730
727
700
753
756
756
703
730
727
727
700
724
724
727
703
727
727
727
703
756
753
759
700
765
756
756
703
724
724
727
706
736
727
730
706
759
739
727
703
756
759
756
700
724
724
730
706
727
727
727
700
721
759
756
712
724
724
727
706
733
733
730
703
730
727
730
703
756
759
753
703
724
724
730
700
724
730
730
703
727
730
730
703
724
724
724
703
756
759
756
700
727
730
721
712
730
730
736
703
759
756
756
703
727
724
724
706
727
724
759
732
724
724
724
703
730
724
730
700
724
724
730
700
730
730
730
703
727
727
727
700
756
756
756
741
727
730
733
703
730
727
730
700
753
756
753
703
730
727
730
703
727
730
727
700
759
756
756
706
730
736
727
700
730
727
724
703
759
753
753
709
724
727
724
706
727
730
727
712
753
753
756
706
733
733
730
703
730
727
727
706
753
756
759
706
724
730
727
706
730
724
727
703
727
730
730
703
736
724
727
703
724
727
730
703
727
730
721
709
730
730
733
703
730
724
727
703
727
727
727
706
727
727
730
703
756
756
756
703
730
736
727
703
727
727
727
703
759
759
759
703
727
727
727
700
727
727
727
712
756
759
762
703
730
727
730
700
724
727
724
703
759
756
759
703
727
730
727
700
730
727
727
706
759
765
756
700
730
727
724
703
730
730
727
709
727
718
756
703
727
759
756
706
727
727
736
703
727
727
736
703
756
759
756
700
727
724
733
712
730
730
727
700
759
756
756
706
724
724
724
703
727
727
727
703
724
724
727
712
727
724
730
703
730
727
724
703
730
724
727
700
727
724
730
703
756
756
753
700
727
727
730
703
727
730
727
700
730
730
759
703
730
730
730
703
727
727
727
700
727
750
750
703
727
730
724
703
724
727
730
712
756
756
756
703
721
727
730
706
727
753
759
700
727
727
724
712
724
727
724
703
753
759
756
700
724
730
721
706
727
730
724
700
765
759
756
709
727
727
727
706
736
736
730
703
759
753
756
706
727
730
727
706
727
730
724
709
759
730
721
700
727
730
727
703
730
727
730
703
756
765
756
706
727
730
727
703
724
730
724
703
756
756
727
706
724
730
730
703
736
730
724
703
724
753
756
703
727
727
724
706
727
730
724
703
765
765
727
700
727
730
727
703
724
727
724
703
756
756
759
709
730
727
727
703
727
724
727
700
753
759
756
703
736
727
730
712
724
730
730
700
756
724
727
700
756
718
727
712
730
730
724
703
730
727
724
703
750
759
736
706
730
727
727
700
727
724
730
706
727
724
727
700
730
727
727
703
759
756
756
703
730
756
756
706
724
724
724
703
727
727
727
703
724
724
727
706
727
724
730
703
759
756
753
703
730
724
727
700
727
724
730
703
727
727
724
700
727
727
730
703
756
759
756
700
730
730
730
703
730
730
730
703
756
759
756
700
730
756
721
700
727
727
730
703
759
756
756
703
727
724
727
700
724
730
727
703
765
756
759
712
724
730
730
700
727
724
724
700
727
727
756
703
727
730
727
712
727
730
727
703
753
759
756
709
727
727
727
706
736
736
730
703
759
759
727
735
724
727
730
706
724
730
727
706
759
753
756
703
727
730
730
703
736
724
727
703
753
756
759
703
727
730
721
709
730
730
733
703
759
753
756
703
727
727
727
706
727
730
730
703
724
724
724
703
730
727
727
703
756
756
756
703
730
730
730
703
727
730
727
700
759
756
750
700
727
727
730
703
730
727
727
703
727
724
727
700
724
730
727
703
765
756
759
741
724
730
730
700
727
724
724
700
727
727
756
703
727
730
727
712
727
730
727
703
753
759
756
709
727
727
727
706
736
727
730
703
730
730
727
706
753
724
727
703
727
730
727
706
733
730
724
718
733
730
709
697
715
709
712
688
712
712
712
688
728
728
712
691
712
728
715
688
712
722
718
688
706
715
712
685
725
709
734
672
709
731
725
688
712
722
712
691
712
709
715
685
712
731
718
685
715
715
712
675
709
715
722
675
712
722
709
697
715
715
709
675
712
722
715
685
712
709
709
678
712
709
712
682
715
712
712
688
715
721
712
685
728
734
712
688
715
715
718
691
709
709
709
691
725
712
712
697
709
712
709
691
731
731
715
685
715
715
721
688
712
709
709
685
725
715
712
672
715
722
712
685
715
712
712
691
728
709
718
685
709
715
712
685
709
718
706
697
715
715
731
685
731
725
721
688
712
712
712
685
715
712
712
675
712
725
709
685
715
712
718
697
712
709
728
685
734
712
712
691
709
709
709
685
725
715
712
697
715
715
709
691
725
715
712
672
712
706
728
688
721
728
725
688
712
709
712
691
718
728
728
691
728
715
712
675
712
715
725
688
709
715
715
678
712
728
712
685
709
715
712
697
709
712
709
691
731
712
715
685
728
725
712
691
712
728
712
697
715
722
712
685
715
712
712
688
715
718
709
678
709
709
725
688
712
712
725
691
712
715
712
697
709
725
706
691
712
721
721
691
725
712
712
678
709
709
725
672
709
709
715
688
709
712
712
685
709
709
715
691
712
709
709
675
715
715
725
697
725
712
715
688
725
712
715
672
706
715
712
697
722
706
712
672
712
715
712
685
712
709
712
685
725
709
725
685
712
715
722
685
712
712
715
697
715
718
709
688
712
722
712
691
712
715
709
672
712
709
712
691
712
722
712
688
712
709
712
672
709
728
712
688
706
715
712
691
718
715
725
688
709
709
718
685
712
709
721
675
715
712
722
685
725
715
706
697
715
715
712
672
715
725
709
700
712
718
709
691
712
715
715
688
712
725
712
688
715
712
712
675
712
709
725
691
712
712
712
688
718
715
709
697
712
715
721
675
712
712
728
685
728
709
712
672
712
706
728
688
721
728
725
688
712
709
712
685
718
715
715
691
715
715
725
685
725
715
712
685
712
715
715
678
709
712
725
688
709
725
712
697
722
712
709
678
718
712
715
672
715
712
725
691
712
715
715
688
709
709
712
697
709
715
728
688
709
728
709
685
709
709
712
672
712
725
709
688
712
715
709
697
715
715
709
688
715
709
725
688
725
709
718
672
712
712
709
685
709
709
715
688
709
712
712
675
715
728
725
700
728
728
715
691
725
712
709
675
709
709
725
685
734
709
709
675
721
712
709
678
709
712
709
685
703
709
712
672
709
709
709
688
712
721
715
688
709
709
712
697
721
709
722
688
712
709
712
688
712
709
718
688
712
715
725
685
728
728
712
685
715
712
709
685
712
722
712
688
725
712
712
672
706
715
725
691
715
728
712
685
712
715
728
691
718
843
712
691
709
715
712
688
715
712
712
691
709
725
712
678
712
709
712
688
712
721
709
685
715
715
712
688
712
709
718
691
703
728
715
691
712
709
712
697
712
712
715
675
715
712
725
672
712
722
709
688
712
715
718
688
712
715
722
688
712
709
715
685
703
712
712
685
728
721
709
675
712
734
725
700
709
715
715
691
718
709
709
688
715
715
712
688
712
718
712
688
712
725
712
691
725
709
721
685
715
715
718
688
712
709
715
675
709
725
712
688
722
706
712
691
718
725
712
688
715
725
715
691
712
709
715
685
712
712
709
685
718
706
715
691
712
715
712
685
725
709
712
691
709
728
712
685
715
715
712
688
718
712
712
691
709
709
712
700
722
709
712
700
709
706
712
697
718
712
725
688
712
721
715
685
709
712
712
672
721
712
734
675
709
731
709
688
712
709
712
688
712
715
725
685
728
715
709
685
709
703
728
697
725
709
712
700
706
712
712
672
715
722
731
685
718
734
722
688
712
715
712
685
712
712
703
691
731
712
709
688
712
715
731
691
674
700
694
647
697
700
694
670
697
697
697
650
697
694
703
679
694
697
671
653
700
697
700
670
697
697
694
650
697
700
697
676
700
694
697
650
697
700
697
673
697
700
700
682
694
697
697
679
697
697
700
670
700
697
700
673
700
691
697
676
694
703
671
673
697
697
697
673
697
697
700
676
697
697
697
670
697
697
700
676
697
697
694
673
697
694
694
659
694
697
700
670
694
697
700
656
700
700
700
673
700
694
697
673
665
706
694
670
697
697
703
670
700
700
697
647
700
697
694
676
697
697
697
647
694
697
700
676
700
697
671
650
694
694
697
673
668
697
694
670
694
694
694
673
697
706
700
670
694
697
697
670
700
697
697
670
694
697
700
650
700
697
694
673
700
697
697
670
694
700
694
647
697
703
700
673
706
694
697
673
691
694
700
650
700
697
697
647
697
694
697
676
706
674
700
682
697
726
694
670
706
694
700
679
700
694
700
673
697
700
697
673
694
700
700
673
694
697
697
670
697
703
694
647
694
697
694
673
694
694
697
685
700
703
700
679
697
697
700
670
697
700
697
673
674
700
697
670
691
697
697
670
697
700
694
673
700
697
700
679
694
694
697
650
697
700
694
673
697
700
691
653
700
700
706
682
697
697
694
673
697
697
697
679
697
697
700
650
694
703
697
673
697
700
697
650
700
706
697
673
697
700
694
682
700
694
697
682
700
700
697
682
700
697
706
673
700
697
703
682
694
691
671
650
697
697
697
673
697
671
697
673
697
700
700
673
697
700
700
679
697
697
697
670
674
700
700
676
697
697
697
670
668
700
697
673
697
703
694
670
697
674
697
676
700
694
700
673
697
671
703
656
700
700
697
682
697
700
697
650
700
706
697
670
697
694
697
670
697
700
697
673
703
700
700
676
697
700
694
673
697
694
700
673
700
703
694
673
700
700
697
673
694
694
694
673
700
697
697
676
694
694
671
676
694
700
700
673
700
697
697
682
697
700
697
673
697
700
700
673
700
697
694
650
700
691
703
676
694
697
671
682
697
694
700
676
697
700
697
670
674
694
697
670
697
688
697
682
700
700
697
679
700
700
694
673
694
697
700
647
697
694
694
682
700
697
694
670
700
700
700
647
700
700
694
682
697
697
697
676
697
700
697
673
697
697
697
682
700
700
700
673
697
697
697
673
671
694
700
673
697
706
697
670
697
694
697
676
697
694
691
673
697
697
697
676
697
703
697
673
697
700
697
673
700
706
697
673
697
700
694
682
706
706
697
682
700
700
697
659
700
697
697
673
694
700
694
650
694
697
700
676
697
697
674
673
697
706
700
679
697
700
694
650
697
700
700
673
694
694
697
650
697
694
697
676
700
694
700
647
697
700
697
676
697
700
694
670
697
697
697
676
700
694
700
673
697
694
703
679
700
700
697
659
697
700
697
673
700
706
700
647
697
697
697
673
697
697
694
650
706
697
700
676
694
700
697
673
700
697
700
673
700
706
697
676
700
674
694
670
697
697
697
673
700
729
697
647
700
697
697
673
694
700
700
650
694
697
697
670
697
674
697
659
697
700
703
673
700
697
700
647
700
703
694
673
703
700
697
673
697
700
700
679
700
697
694
670
700
700
697
673
694
700
697
673
697
700
700
676
694
697
697
670
694
700
697
676
697
700
697
676
697
697
700
673
700
697
697
670
697
674
700
673
697
697
697
676
697
700
697
673
697
697
697
682
700
697
700
673
700
694
697
670
697
697
697
673
694
703
694
670
697
697
697
676
697
697
694
647
697
697
697
673
697
700
697
673
697
674
697
682
694
697
697
676
697
700
697
670
700
697
697
670
694
671
691
679
697
700
694
673
697
700
697
673
697
700
697
673
697
700
694
673
697
694
694
670
700
700
697
670
697
700
697
673
697
697
697
673
697
700
697
682
697
700
697
673
694
700
697
673
703
697
697
670
694
694
697
676
700
694
700
673
697
694
703
679
700
700
697
682
697
700
697
673
700
706
700
670
697
697
697
673
697
706
697
647
706
694
700
670
700
700
694
673
697
706
700
650
703
706
700
670
700
700
697
673
700
697
697
676
694
703
706
670
697
700
700
650
703
697
697
676
697
700
694
673
694
697
697
670
700
694
706
670
700
697
706
650
700
697
694
673
700
694
697
673
697
694
706
673
700
700
700
679
668
700
700
676
697
691
697
670
697
697
697
670
700
697
697
685
706
703
694
650
697
694
697
676
697
697
694
670
694
697
703
670
700
700
694
650
697
697
694
673
697
694
697
670
694
697
694
670
700
697
700
647
697
694
697
679
697
706
700
673
688
697
691
676
694
697
697
647
697
694
697
682
694
697
694
650
706
697
697
670
700
694
697
650
691
697
697
676
706
697
700
676
697
694
694
656
700
697
697
679
700
691
674
670
697
697
700
679
700
694
697
670
671
697
700
676
700
694
697
682
700
700
700
647
697
703
700
670
700
697
700
647
700
700
700
679
697
694
694
670
700
697
697
670
700
697
694
673
694
697
694
650
694
697
694
676
674
697
697
647
694
697
700
676
700
694
700
650
697
697
694
670
665
694
694
673
694
700
697
673
700
700
688
679
700
700
703
670
674
697
706
653
697
700
697
673
697
697
694
650
697
697
700
670
668
694
694
659
697
694
700
676
700
691
703
656
700
694
688
676
700
697
703
647
703
697
694
670
700
697
668
656
700
703
697
670
700
694
706
650
694
697
691
679
700
700
700
650
697
697
697
676
694
691
700
647
697
697
700
670
706
700
697
653
700
697
700
676
697
694
697
647
697
697
697
673
697
697
706
647
697
694
697
673
668
697
697
650
697
694
703
673
700
694
700
653
694
697
694
673
694
700
697
647
694
700
688
679
700
700
703
682
694
697
700
679
700
694
700
670
691
700
697
673
700
697
694
673
697
691
703
679
697
694
694
679
694
700
697
670
700
694
697
656
694
688
691
670
697
697
700
682
700
700
694
673
694
697
700
676
697
697
697
670
694
703
700
682
700
700
697
673
700
700
671
650
697
691
697
673
697
700
694
673
700
700
694
676
700
700
694
676
697
700
700
676
703
703
700
647
697
697
694
676
694
700
697
650
694
691
700
670
694
697
703
679
697
697
697
673
697
697
697
670
697
700
694
676
671
700
697
676
694
706
691
676
697
700
697
682
694
697
700
673
694
697
697
670
697
697
700
670
697
700
674
647
700
700
700
673
694
700
700
650
694
694
697
670
697
697
691
673
697
694
700
673
700
700
694
676
697
697
697
673
697
694
697
673
697
697
697
673
697
706
700
659
694
697
700
673
694
700
697
673
697
703
697
673
697
697
694
676
697
694
697
670
694
703
694
673
694
671
697
676
700
697
700
676
694
697
700
653
694
700
697
676
700
697
697
647
697
697
694
673
700
700
706
670
674
697
697
650
700
700
694
676
700
700
694
670
700
700
697
676
697
700
700
670
691
697
697
673
697
694
697
647
694
697
706
679
697
694
700
650
697
694
697
670
691
697
697
650
700
697
697
673
697
697
700
650
700
697
694
673
694
697
700
653
697
697
697
670
694
703
700
659
EncryptTime1::  Mean: 830 Median: 780 90th: 975 95th: 1010 99th: 1805 99.9th: 2815 Min: 647 Max: 42956 Count: 10000
